1,-1.053932,946685382.472787
1,-1.088204,946685382.476128
1,-1.021254,946685382.479672
1,-1.055792,946685382.482932
1,-1.053533,946685382.486186
1,-1.054729,946685382.489849
1,-1.058448,946685382.493109
1,-1.059113,946685382.496367
1,-1.041312,946685382.499953
1,-0.995882,946685382.503210
1,-0.940755,946685382.506466
1,-0.879649,946685382.510374
1,-0.784538,946685382.513702
1,-0.765940,946685382.516971
1,-0.722370,946685382.520481
1,-0.677604,946685382.523893
1,-0.629384,946685382.527296
1,-0.588603,946685382.530747
1,-0.548486,946685382.534151
1,-0.511557,946685382.537563
1,-0.477816,946685382.540977
1,-0.410600,946685382.544385
1,-0.374336,946685382.547788
1,-0.379251,946685382.551245
1,-0.348565,946685382.554653
1,-0.316286,946685382.558104
0,-0.284936,946685382.561401
0,-0.261557,946685382.564656
0,-0.226886,946685382.567982
0,-0.201913,946685382.571374
0,-0.174548,946685382.574765
0,-0.144261,946685382.578173
0,-0.115037,946685382.581566
0,-0.093650,946685382.584961
0,-0.069208,946685382.588404
0,-0.074389,946685382.591838
0,-0.074256,946685382.595272
0,-0.059777,946685382.598704
0,-0.081031,946685382.601962
0,-0.063363,946685382.605262
0,-0.070138,946685382.608632
0,-0.073326,946685382.612068
0,-0.070935,946685382.615504
0,-0.075186,946685382.618938
0,-0.075319,946685382.622374
0,-0.070802,946685382.625806
0,-0.072795,946685382.629250
0,-0.078905,946685382.632685
0,-0.075850,946685382.636119
0,-0.077046,946685382.639562
0,-0.075983,946685382.642996
0,-0.076647,946685382.646437
0,-0.079570,946685382.649860
0,-0.078374,946685382.653154
0,-0.082891,946685382.656404
0,-0.079835,946685382.659808
0,-0.080765,946685382.663209
0,-0.083555,946685382.666607
0,-0.084750,946685382.670000
0,-0.080234,946685382.673390
0,-0.084617,946685382.676783
0,-0.085149,946685382.680188
0,-0.085282,946685382.683575
0,-0.087673,946685382.686967
0,-0.087407,946685382.690365
0,-0.088868,946685382.693764
0,-0.090462,946685382.697156
0,-0.090064,946685382.700454
0,-0.089400,946685382.703707
0,-0.086743,946685382.706969
0,-0.092189,946685382.710362
0,-0.090994,946685382.713749
0,-0.093783,946685382.717139
0,-0.090728,946685382.720543
0,-0.090994,946685382.723935
0,-0.091923,946685382.727327
0,-0.089267,946685382.730761
0,-0.089931,946685382.734153
0,-0.090994,946685382.737546
0,-0.092189,946685382.740986
0,-0.092986,946685382.744374
0,-0.089267,946685382.747764
0,-0.091259,946685382.751075
0,-0.089267,946685382.754334
0,-0.088603,946685382.757587
0,-0.090994,946685382.761016
0,-0.090064,946685382.764409
0,-0.091126,946685382.767800
0,-0.087540,946685382.771249
0,-0.089400,946685382.774644
0,-0.087407,946685382.778086
0,-0.089001,946685382.781479
0,-0.087673,946685382.784874
0,-0.084086,946685382.788270
0,-0.086610,946685382.791662
0,-0.083156,946685382.795055
0,-0.083953,946685382.798443
0,-0.085282,946685382.801703
0,-0.083023,946685382.804957
0,-0.082226,946685382.808236
0,-0.079437,946685382.811670
0,-0.083820,946685382.815066
0,-0.080101,946685382.818460
0,-0.077710,946685382.821894
0,-0.077311,946685382.825328
0,-0.076647,946685382.828800
0,-0.075850,946685382.832240
0,-0.078374,946685382.835673
0,-0.071998,946685382.839116
0,-0.074522,946685382.842550
0,-0.075983,946685382.845980
0,-0.074389,946685382.849483
0,-0.070271,946685382.852778
0,-0.073193,946685382.856067
0,-0.068411,946685382.859477
0,-0.071732,946685382.862918
0,-0.064825,946685382.866353
0,-0.071334,946685382.869803
0,-0.101753,946685382.873200
0,-0.068544,946685382.876636
0,-0.064293,946685382.880124
0,-0.063363,946685382.883561
0,-0.034272,946685382.886996
0,-0.066153,946685382.890345
0,-0.062832,946685382.893656
0,-0.064160,946685382.896955
0,-0.063363,946685382.900405
0,-0.066684,946685382.903839
0,-0.062434,946685382.907276
0,-0.062301,946685382.910764
0,-0.062434,946685382.914200
0,-0.061238,946685382.917638
0,-0.062434,946685382.921084
0,-0.062699,946685382.924522
0,-0.062965,946685382.928018
0,-0.064028,946685382.931456
0,-0.063098,946685382.934891
0,-0.061238,946685382.938364
0,-0.061238,946685382.941666
0,-0.061238,946685382.944965
0,-0.059910,946685382.948273
0,-0.058980,946685382.951702
0,-0.061105,946685382.955244
0,-0.057120,946685382.958683
0,-0.062434,946685382.962108
0,-0.058316,946685382.965529
0,-0.059910,946685382.968995
0,-0.061105,946685382.972396
0,-0.057651,946685382.975792
0,-0.061105,946685382.979298
0,-0.061105,946685382.982784
0,-0.059245,946685382.986229
0,-0.061105,946685382.989643
0,-0.059777,946685382.992938
0,-0.061105,946685382.996239
0,-0.061504,946685382.999609
0,-0.060175,946685383.003365
0,-0.060574,946685383.006809
0,-0.059511,946685383.010255
0,-0.059113,946685383.013696
0,-0.059113,946685383.017132
0,-0.061238,946685383.020582
0,-0.060574,946685383.024016
0,-0.060574,946685383.027452
0,-0.057917,946685383.030898
0,-0.058183,946685383.034343
0,-0.059113,946685383.037777
0,-0.063762,946685383.041134
0,-0.061105,946685383.044431
0,-0.060574,946685383.047733
0,-0.058448,946685383.051243
0,-0.060574,946685383.054683
0,-0.060840,946685383.058166
0,-0.062168,946685383.061605
0,-0.061238,946685383.065046
0,-0.060043,946685383.068497
0,-0.064293,946685383.071933
0,-0.062035,946685383.075370
0,-0.063496,946685383.078787
0,-0.063098,946685383.082095
0,-0.063762,946685383.085392
0,-0.064293,946685383.088785
0,-0.061371,946685383.092225
0,-0.065622,946685383.095659
0,-0.062965,946685383.099113
0,-0.064692,946685383.102548
0,-0.061902,946685383.105984
0,-0.064825,946685383.109471
0,-0.062965,946685383.112912
0,-0.062168,946685383.116347
0,-0.063098,946685383.119794
0,-0.064559,946685383.123230
0,-0.064692,946685383.126664
0,-0.062965,946685383.130063
0,-0.063231,946685383.133363
0,-0.062168,946685383.136658
0,-0.065489,946685383.140053
0,-0.065356,946685383.143494
0,-0.065356,946685383.146934
0,-0.060707,946685383.150380
0,-0.059113,946685383.153813
0,-0.061637,946685383.157251
0,-0.061769,946685383.160697
0,-0.064160,946685383.164137
0,-0.062965,946685383.167577
0,-0.061371,946685383.171029
0,-0.058050,946685383.174471
0,-0.060175,946685383.177958
0,-0.058714,946685383.181258
0,-0.059910,946685383.184561
0,-0.060043,946685383.187911
0,-0.059113,946685383.191352
0,-0.057386,946685383.194788
0,-0.057651,946685383.198233
0,-0.062566,946685383.201666
0,-0.058050,946685383.205101
0,-0.057120,946685383.208592
0,-0.057784,946685383.212029
0,-0.059378,946685383.215467
0,-0.055792,946685383.218886
0,-0.059245,946685383.222192
0,-0.056987,946685383.225489
0,-0.056589,946685383.228867
0,-0.052869,946685383.232300
0,-0.056722,946685383.235734
0,-0.054463,946685383.239185
0,-0.056722,946685383.242626
0,-0.055393,946685383.246060
0,-0.049681,946685383.249509
0,-0.055925,946685383.252949
0,-0.052604,946685383.256388
0,-0.053799,946685383.259828
0,-0.053666,946685383.263266
0,-0.049283,946685383.266702
0,-0.047954,946685383.270069
0,-0.051408,946685383.273370
0,-0.048486,946685383.276671
0,-0.052338,946685383.280057
0,-0.051408,946685383.283506
0,-0.048087,946685383.286944
0,-0.048087,946685383.290392
0,-0.049548,946685383.293824
0,-0.048486,946685383.297262
0,-0.047821,946685383.300708
0,-0.049150,946685383.304147
0,-0.047556,946685383.307583
0,-0.050345,946685383.311029
0,-0.048220,946685383.314467
0,-0.048087,946685383.317962
0,-0.045430,946685383.321264
0,-0.048220,946685383.324563
0,-0.047290,946685383.327915
0,-0.046360,946685383.331364
0,-0.047290,946685383.334800
0,-0.048220,946685383.338245
0,-0.048618,946685383.341678
0,-0.049150,946685383.345112
0,-0.045696,946685383.348605
0,-0.054862,946685383.352046
0,-0.047689,946685383.355482
0,-0.046626,946685383.358900
0,-0.049814,946685383.362205
0,-0.051275,946685383.365509
0,-0.047157,946685383.368872
0,-0.046095,946685383.372310
0,-0.049548,946685383.375747
0,-0.049283,946685383.379237
0,-0.047821,946685383.382675
0,-0.050877,946685383.386112
0,-0.045962,946685383.389559
0,-0.046360,946685383.393001
0,-0.047024,946685383.396439
0,-0.043836,946685383.399927
0,-0.049681,946685383.403361
0,-0.046892,946685383.406796
0,-0.046095,946685383.410160
0,-0.046626,946685383.413467
0,-0.047954,946685383.416764
0,-0.048884,946685383.420183
0,-0.050080,946685383.423623
0,-0.045829,946685383.427066
0,-0.048087,946685383.430548
0,-0.043836,946685383.433990
0,-0.046360,946685383.437560
0,-0.045829,946685383.441013
0,-0.045962,946685383.444452
0,-0.047689,946685383.447942
0,-0.048486,946685383.451382
0,-0.048486,946685383.454815
0,-0.048087,946685383.458268
0,-0.047423,946685383.461572
0,-0.045829,946685383.464872
0,-0.045430,946685383.468226
0,-0.045298,946685383.471674
0,-0.046227,946685383.475121
0,-0.042109,946685383.478607
0,-0.049150,946685383.482041
0,-0.045696,946685383.485478
0,-0.047556,946685383.488932
0,-0.044633,946685383.492372
0,-0.047024,946685383.495808
0,-0.044766,946685383.499253
0,-0.045298,946685383.502698
0,-0.043836,946685383.506137
0,-0.043571,946685383.509532
0,-0.042906,946685383.512834
0,-0.047423,946685383.516134
0,-0.045829,946685383.519540
0,-0.045962,946685383.522977
0,-0.046626,946685383.526412
0,-0.043172,946685383.529893
0,-0.044368,946685383.533329
0,-0.045829,946685383.536769
0,-0.043305,946685383.540217
0,-0.038656,946685383.543656
0,-0.042508,946685383.547097
0,-0.040781,946685383.550588
0,-0.044633,946685383.554024
0,-0.038523,946685383.557457
0,-0.043704,946685383.560791
0,-0.044102,946685383.564092
0,-0.041180,946685383.567397
0,-0.040383,946685383.570858
0,-0.040515,946685383.574299
0,-0.043305,946685383.577735
0,-0.043836,946685383.581235
0,-0.036929,946685383.584671
0,-0.042109,946685383.588160
0,-0.040117,946685383.591597
0,-0.042508,946685383.595032
0,-0.042109,946685383.598486
0,-0.043438,946685383.601922
0,-0.037726,946685383.605362
0,-0.041312,946685383.608814
0,-0.039586,946685383.612118
0,-0.038656,946685383.615417
0,-0.040383,946685383.618796
0,-0.042641,946685383.622239
0,-0.036397,946685383.625675
0,-0.038523,946685383.629132
0,-0.040515,946685383.632570
0,-0.040515,946685383.636008
0,-0.040383,946685383.639491
0,-0.040383,946685383.642929
0,-0.037859,946685383.646371
0,-0.038390,946685383.649809
0,-0.042774,946685383.653247
0,-0.040914,946685383.656685
0,-0.037062,946685383.660051
0,-0.040648,946685383.663357
0,-0.038921,946685383.666658
0,-0.039187,946685383.670056
0,-0.038523,946685383.673498
0,-0.039586,946685383.676939
0,-0.038523,946685383.680389
0,-0.038124,946685383.683824
0,-0.036663,946685383.687259
0,-0.035202,946685383.690704
0,-0.039187,946685383.694136
0,-0.038789,946685383.697575
0,-0.040383,946685383.701026
0,-0.037194,946685383.704459
0,-0.040250,946685383.707962
0,-0.037991,946685383.711263
0,-0.038124,946685383.714562
0,-0.037062,946685383.717915
0,-0.037726,946685383.721359
0,-0.038789,946685383.724797
0,-0.038656,946685383.728247
0,-0.039320,946685383.731681
0,-0.035600,946685383.735119
0,-0.036132,946685383.738607
0,-0.037991,946685383.742043
0,-0.036929,946685383.745475
0,-0.038789,946685383.748893
0,-0.040117,946685383.752192
0,-0.036796,946685383.755497
0,-0.038523,946685383.758872
0,-0.040117,946685383.762315
0,-0.038921,946685383.765757
0,-0.033741,946685383.769242
0,-0.039851,946685383.772673
0,-0.039586,946685383.776113
0,-0.039586,946685383.779563
0,-0.042508,946685383.782998
0,-0.040515,946685383.786440
0,-0.037991,946685383.789922
0,-0.040117,946685383.793359
0,-0.041180,946685383.796796
0,-0.039984,946685383.800161
0,-0.040383,946685383.803469
0,-0.042774,946685383.806770
0,-0.038789,946685383.810186
0,-0.042375,946685383.813622
0,-0.039320,946685383.817067
0,-0.045032,946685383.820548
0,-0.038390,946685383.823985
0,-0.042508,946685383.827424
0,-0.040117,946685383.830881
0,-0.040383,946685383.834319
0,-0.040117,946685383.837757
0,-0.043172,946685383.841306
0,-0.038789,946685383.844741
0,-0.042242,946685383.848196
0,-0.040648,946685383.851499
0,-0.042508,946685383.854803
0,-0.042375,946685383.858159
0,-0.041578,946685383.861582
0,-0.043172,946685383.865008
0,-0.042641,946685383.868439
0,-0.040781,946685383.871840
0,-0.040250,946685383.875245
0,-0.041312,946685383.878667
0,-0.042242,946685383.882106
0,-0.035335,946685383.885547
0,-0.040515,946685383.889005
0,-0.045563,946685383.892302
0,-0.043438,946685383.895599
0,-0.043305,946685383.898944
0,-0.045165,946685383.902380
0,-0.042641,946685383.905819
0,-0.044501,946685383.909273
0,-0.045032,946685383.912711
0,-0.042906,946685383.916143
0,-0.046626,946685383.919691
0,-0.040781,946685383.923128
0,-0.044501,946685383.926569
0,-0.043836,946685383.930017
0,-0.040383,946685383.933455
0,-0.045430,946685383.936892
0,-0.044235,946685383.940279
0,-0.043305,946685383.943577
0,-0.043704,946685383.946870
0,-0.042906,946685383.950278
0,-0.044368,946685383.953715
0,-0.046227,946685383.957156
0,-0.041312,946685383.960601
0,-0.041180,946685383.964039
0,-0.040383,946685383.967478
0,-0.041445,946685383.970921
0,-0.041312,946685383.974367
0,-0.042242,946685383.977806
0,-0.039984,946685383.981296
0,-0.041047,946685383.984732
0,-0.042774,946685383.988185
0,-0.042641,946685383.991491
0,-0.040648,946685383.994799
0,-0.041578,946685383.998156
0,-0.045165,946685384.001592
0,-0.041711,946685384.005256
0,-0.044102,946685384.008696
0,-0.041711,946685384.012130
0,-0.040117,946685384.015567
0,-0.038921,946685384.019046
0,-0.037062,946685384.022480
0,-0.044368,946685384.025910
0,-0.040648,946685384.029302
0,-0.039984,946685384.032598
0,-0.043438,946685384.035900
0,-0.043704,946685384.039289
0,-0.041977,946685384.042723
0,-0.040117,946685384.046152
0,-0.044633,946685384.049598
0,-0.041047,946685384.053033
0,-0.037062,946685384.056464
0,-0.042109,946685384.059939
0,-0.042242,946685384.063372
0,-0.041977,946685384.066813
0,-0.039586,946685384.070249
0,-0.040117,946685384.073681
0,-0.041844,946685384.077114
0,-0.041445,946685384.080486
0,-0.040781,946685384.083793
0,-0.042774,946685384.087092
0,-0.041578,946685384.090563
0,-0.043172,946685384.093991
0,-0.044368,946685384.097425
0,-0.039586,946685384.100872
0,-0.044501,946685384.104306
0,-0.039984,946685384.107739
0,-0.044633,946685384.111228
0,-0.039718,946685384.114663
0,-0.044633,946685384.118140
0,-0.042508,946685384.121570
0,-0.039718,946685384.124999
0,-0.039320,946685384.128439
0,-0.042375,946685384.131735
0,-0.042242,946685384.135030
0,-0.039851,946685384.138387
0,-0.043172,946685384.141815
0,-0.040781,946685384.145249
0,-0.042641,946685384.148694
0,-0.042375,946685384.152127
0,-0.045563,946685384.155560
0,-0.042508,946685384.159045
0,-0.041844,946685384.162483
0,-0.041844,946685384.165913
0,-0.043704,946685384.169307
0,-0.041711,946685384.172601
0,-0.039453,946685384.175901
0,-0.044102,946685384.179291
0,-0.042109,946685384.182721
0,-0.044102,946685384.186151
0,-0.041445,946685384.189593
0,-0.043969,946685384.193023
0,-0.045165,946685384.196456
0,-0.040648,946685384.199930
0,-0.039054,946685384.203365
0,-0.042508,946685384.206801
0,-0.044899,946685384.210244
0,-0.044501,946685384.213675
0,-0.045165,946685384.217109
0,-0.043571,946685384.220472
0,-0.046493,946685384.223767
0,-0.045165,946685384.227059
0,-0.043438,946685384.230536
0,-0.043704,946685384.233961
0,-0.046360,946685384.237391
0,-0.045430,946685384.240833
0,-0.041711,946685384.244266
0,-0.043438,946685384.247697
0,-0.042375,946685384.251129
0,-0.044102,946685384.254559
0,-0.042109,946685384.258047
0,-0.044899,946685384.261482
0,-0.044235,946685384.264915
0,-0.044235,946685384.268386
0,-0.048353,946685384.271678
0,-0.047024,946685384.274974
0,-0.046227,946685384.278320
0,-0.048353,946685384.281754
0,-0.045430,946685384.285191
0,-0.045298,946685384.288635
0,-0.048353,946685384.292068
0,-0.044899,946685384.295498
0,-0.047556,946685384.298937
0,-0.047157,946685384.302379
0,-0.049947,946685384.305812
0,-0.046493,946685384.309251
0,-0.047157,946685384.312685
0,-0.053799,946685384.316125
0,-0.047689,946685384.319510
0,-0.048618,946685384.322806
0,-0.048220,946685384.326099
0,-0.050213,946685384.329514
0,-0.050213,946685384.332955
0,-0.050345,946685384.336392
0,-0.051010,946685384.339831
0,-0.049548,946685384.343263
0,-0.046493,946685384.346701
0,-0.051541,946685384.350147
0,-0.048486,946685384.353581
0,-0.049017,946685384.357016
0,-0.051010,946685384.360461
0,-0.047423,946685384.363896
0,-0.049416,946685384.367332
0,-0.049947,946685384.370688
0,-0.048751,946685384.373980
0,-0.047556,946685384.377274
0,-0.051674,946685384.380688
0,-0.049548,946685384.384122
0,-0.050345,946685384.387552
0,-0.050744,946685384.391026
0,-0.049150,946685384.394465
0,-0.047556,946685384.397956
0,-0.049947,946685384.401491
0,-0.048618,946685384.404925
0,-0.048486,946685384.408396
0,-0.049548,946685384.411838
0,-0.048486,946685384.415268
0,-0.046759,946685384.418694
0,-0.046493,946685384.421995
0,-0.047556,946685384.425301
0,-0.050877,946685384.428662
0,-0.048486,946685384.432099
0,-0.046360,946685384.435526
0,-0.045696,946685384.439009
0,-0.048353,946685384.442445
0,-0.047290,946685384.445883
0,-0.045298,946685384.449330
0,-0.044766,946685384.452761
0,-0.045298,946685384.456197
0,-0.048486,946685384.459675
0,-0.046095,946685384.463110
0,-0.047556,946685384.466547
0,-0.045563,946685384.469913
0,-0.044501,946685384.473210
0,-0.049150,946685384.476508
0,-0.046759,946685384.479935
0,-0.046892,946685384.483365
0,-0.044368,946685384.486802
0,-0.043438,946685384.490243
0,-0.047290,946685384.493673
0,-0.045165,946685384.497110
0,-0.043438,946685384.500583
0,-0.043571,946685384.504022
0,-0.046759,946685384.507450
0,-0.045563,946685384.510775
0,-0.045962,946685384.514065
0,-0.046095,946685384.517361
0,-0.045032,946685384.520824
0,-0.046360,946685384.524255
0,-0.044235,946685384.527689
0,-0.044633,946685384.531120
0,-0.042641,946685384.534557
0,-0.046095,946685384.538056
0,-0.044633,946685384.541489
0,-0.044368,946685384.544920
0,-0.045032,946685384.548395
0,-0.042242,946685384.551833
0,-0.043969,946685384.555264
0,-0.042774,946685384.558689
0,-0.044501,946685384.561982
0,-0.045165,946685384.565278
0,-0.044766,946685384.568637
0,-0.042774,946685384.572067
0,-0.042375,946685384.575503
0,-0.043039,946685384.578931
0,-0.045298,946685384.582369
0,-0.044102,946685384.585802
0,-0.042906,946685384.589276
0,-0.042508,946685384.592705
0,-0.041578,946685384.596141
0,-0.042375,946685384.599586
0,-0.040781,946685384.603016
0,-0.039320,946685384.606443
0,-0.041312,946685384.609838
0,-0.039187,946685384.613130
0,-0.040781,946685384.616419
0,-0.042774,946685384.619842
0,-0.037859,946685384.623273
0,-0.040250,946685384.626703
0,-0.039453,946685384.630148
0,-0.041977,946685384.633578
0,-0.041977,946685384.637007
0,-0.042375,946685384.640449
0,-0.038656,946685384.643895
0,-0.039054,946685384.647325
0,-0.041445,946685384.650801
0,-0.037460,946685384.654229
0,-0.041977,946685384.657659
0,-0.041312,946685384.660983
0,-0.035866,946685384.664278
0,-0.043438,946685384.667569
0,-0.042508,946685384.671039
0,-0.043039,946685384.674472
0,-0.038257,946685384.677955
0,-0.039054,946685384.681390
0,-0.041312,946685384.684824
0,-0.042242,946685384.688266
0,-0.040648,946685384.691703
0,-0.041578,946685384.695136
0,-0.041312,946685384.698611
0,-0.041445,946685384.702041
0,-0.039320,946685384.705476
0,-0.042375,946685384.708887
0,-0.039054,946685384.712184
0,-0.041180,946685384.715478
0,-0.039187,946685384.718850
0,-0.043039,946685384.722288
0,-0.040383,946685384.725717
0,-0.043039,946685384.729161
0,-0.041844,946685384.732588
0,-0.044368,946685384.736018
0,-0.041180,946685384.739512
0,-0.041844,946685384.742945
0,-0.042508,946685384.746380
0,-0.043969,946685384.749810
0,-0.042641,946685384.753245
0,-0.040515,946685384.756679
0,-0.043172,946685384.760066
0,-0.044368,946685384.763363
0,-0.039984,946685384.766652
0,-0.041844,946685384.770049
0,-0.043305,946685384.773487
0,-0.042375,946685384.776921
0,-0.037859,946685384.780362
0,-0.042906,946685384.783797
0,-0.037062,946685384.787227
0,-0.040250,946685384.790668
0,-0.038390,946685384.794104
0,-0.040914,946685384.797534
0,-0.038257,946685384.801012
0,-0.038789,946685384.804442
0,-0.037859,946685384.807923
0,-0.040515,946685384.811223
0,-0.040515,946685384.814521
0,-0.038656,946685384.817810
0,-0.039054,946685384.821300
0,-0.037859,946685384.824734
0,-0.040117,946685384.828174
0,-0.038390,946685384.831608
0,-0.039851,946685384.835041
0,-0.039586,946685384.838484
0,-0.037327,946685384.841911
0,-0.035999,946685384.845345
0,-0.034405,946685384.848846
0,-0.035202,946685384.852140
0,-0.036929,946685384.855434
0,-0.038789,946685384.858813
0,-0.035999,946685384.862251
0,-0.034006,946685384.865683
0,-0.033741,946685384.869126
0,-0.034936,946685384.872559
0,-0.034272,946685384.875991
0,-0.035069,946685384.879475
0,-0.033475,946685384.882913
0,-0.032412,946685384.886443
0,-0.034006,946685384.889847
0,-0.035202,946685384.893146
0,-0.029623,946685384.896439
0,-0.030287,946685384.899817
0,-0.032412,946685384.903249
0,-0.031350,946685384.906675
0,-0.031350,946685384.910150
0,-0.028427,946685384.913581
0,-0.000266,946685384.917014
0,-0.031350,946685384.920454
0,-0.032014,946685384.923892
0,-0.030951,946685384.927323
0,-0.030685,946685384.930803
0,-0.026567,946685384.934238
0,-0.031084,946685384.937668
0,-0.027232,946685384.940991
0,-0.031615,946685384.944290
0,-0.026833,946685384.947587
0,-0.025770,946685384.951576
0,-0.028162,946685384.955016
0,-0.028162,946685384.958466
0,-0.026036,946685384.961904
0,-0.028294,946685384.965344
0,-0.027365,946685384.968825
0,-0.027365,946685384.972268
0,-0.029091,946685384.975706
0,-0.026833,946685384.979154
0,-0.029091,946685384.982590
0,-0.027630,946685384.986030
0,-0.027763,946685384.989430
0,-0.027630,946685384.992731
0,-0.029091,946685384.996030
0,-0.026169,946685384.999396
0,-0.024708,946685385.002844
0,-0.027630,946685385.006282
0,-0.022715,946685385.009734
0,-0.023512,946685385.013170
0,-0.025903,946685385.016607
0,-0.026700,946685385.020053
0,-0.025239,946685385.023491
0,-0.026169,946685385.026928
0,-0.025239,946685385.030383
0,-0.025505,946685385.033827
0,-0.023247,946685385.037272
0,-0.026833,946685385.040636
0,-0.024044,946685385.043929
0,-0.021652,946685385.047233
0,-0.023247,946685385.050674
0,-0.021520,946685385.054116
0,-0.024841,946685385.057560
0,-0.023114,946685385.061010
0,-0.019129,946685385.064447
0,-0.020191,946685385.067942
0,-0.020590,946685385.071381
0,-0.019926,946685385.074821
0,-0.021520,946685385.078272
0,-0.021520,946685385.081718
0,-0.020058,946685385.085151
0,-0.022317,946685385.088614
0,-0.019793,946685385.091920
0,-0.016605,946685385.095222
0,-0.025106,946685385.098632
0,-0.020590,946685385.102074
0,-0.019394,946685385.105511
0,-0.022184,946685385.108956
0,-0.021254,946685385.112395
0,-0.022582,946685385.115834
0,-0.019394,946685385.119279
0,-0.018332,946685385.122713
0,-0.020590,946685385.126147
0,-0.021254,946685385.129538
0,-0.020191,946685385.132844
0,-0.017933,946685385.136147
0,-0.019926,946685385.139543
0,-0.019394,946685385.142986
0,-0.019660,946685385.146426
0,-0.018066,946685385.149927
0,-0.018863,946685385.153369
0,-0.020058,946685385.156804
0,-0.017800,946685385.160251
0,-0.020191,946685385.163687
0,-0.018464,946685385.167129
0,-0.019793,946685385.170576
0,-0.019394,946685385.174011
0,-0.015276,946685385.177450
0,-0.021387,946685385.180782
0,-0.018863,946685385.184083
0,-0.017402,946685385.187384
0,-0.020723,946685385.190849
0,-0.017402,946685385.194286
0,-0.018464,946685385.197723
0,-0.020723,946685385.201213
0,-0.018066,946685385.204652
0,-0.017269,946685385.208144
0,-0.017269,946685385.211586
0,-0.017269,946685385.215026
0,-0.018597,946685385.218473
0,-0.016605,946685385.221920
0,-0.015675,946685385.225357
0,-0.013018,946685385.228811
0,-0.019129,946685385.232111
0,-0.014612,946685385.235415
0,-0.017269,946685385.238803
0,-0.016738,946685385.242238
0,-0.013815,946685385.245679
0,-0.016206,946685385.249128
0,-0.015940,946685385.252575
0,-0.015409,946685385.256008
0,-0.012088,946685385.259493
0,-0.015940,946685385.262931
0,-0.013417,946685385.266369
0,-0.016206,946685385.269819
0,-0.014214,946685385.273256
0,-0.013948,946685385.276688
0,-0.012354,946685385.280053
0,-0.010627,946685385.283356
0,-0.012620,946685385.286663
0,-0.012088,946685385.290060
0,-0.014346,946685385.293493
0,-0.010760,946685385.296933
0,-0.013018,946685385.300387
0,-0.010494,946685385.303824
0,-0.009963,946685385.307266
0,-0.009830,946685385.310707
0,-0.009564,946685385.314144
0,-0.009431,946685385.317583
0,-0.011955,946685385.321028
0,-0.011557,946685385.324465
0,-0.007970,946685385.327958
0,-0.008634,946685385.331260
0,-0.009830,946685385.334562
0,-0.008502,946685385.337915
0,-0.007439,946685385.341352
0,-0.008369,946685385.344792
0,-0.008103,946685385.348243
0,-0.009299,946685385.351684
0,-0.007705,946685385.355122
0,-0.007040,946685385.358619
0,-0.006775,946685385.362065
0,-0.005181,946685385.365507
0,-0.005181,946685385.369018
0,-0.008236,946685385.372317
0,-0.003587,946685385.375622
0,-0.003188,946685385.379023
0,-0.005845,946685385.382460
0,-0.006509,946685385.385900
0,-0.005978,946685385.389346
0,-0.007306,946685385.392786
0,-0.002922,946685385.396231
0,-0.007572,946685385.399706
0,-0.007705,946685385.403144
0,-0.007705,946685385.406585
0,-0.005181,946685385.409969
0,-0.006642,946685385.413271
0,-0.005845,946685385.416573
0,-0.005712,946685385.419979
0,-0.003454,946685385.423421
0,-0.005845,946685385.426861
0,-0.006111,946685385.430350
0,-0.005845,946685385.433789
0,-0.002524,946685385.437226
0,-0.006642,946685385.440679
0,-0.004516,946685385.444116
0,-0.004915,946685385.447560
0,-0.004251,946685385.451011
0,-0.004782,946685385.454449
0,-0.002125,946685385.457945
0,-0.007705,946685385.461249
0,-0.005712,946685385.464553
0,-0.006775,946685385.467943
0,-0.003188,946685385.471860
0,-0.004516,946685385.475284
0,-0.005048,946685385.478875
0,-0.005712,946685385.482621
0,-0.005579,946685385.486053
0,-0.006376,946685385.489777
0,-0.004516,946685385.493207
0,-0.006775,946685385.496630
0,-0.005579,946685385.500017
0,-0.006376,946685385.503302
0,-0.005712,946685385.506595
0,-0.005978,946685385.510369
0,-0.004251,946685385.513799
0,-0.004251,946685385.517226
0,-0.006243,946685385.521199
0,-0.003055,946685385.524631
0,-0.006111,946685385.528120
0,-0.005446,946685385.531550
0,-0.003055,946685385.534977
0,-0.004118,946685385.538482
0,-0.004118,946685385.542265
0,-0.006775,946685385.545689
0,-0.005579,946685385.549404
0,-0.004118,946685385.552754
0,-0.003055,946685385.556042
0,-0.005845,946685385.559747
0,-0.002657,946685385.563173
0,-0.008634,946685385.566599
0,-0.007040,946685385.570043
0,-0.006775,946685385.573478
0,-0.003055,946685385.576916
0,-0.003454,946685385.580361
0,-0.003188,946685385.583800
0,-0.002922,946685385.587230
0,-0.007970,946685385.590573
0,-0.003188,946685385.593871
0,-0.005978,946685385.597168
0,-0.005579,946685385.600627
0,-0.004251,946685385.604065
0,-0.003985,946685385.607501
0,-0.002657,946685385.610981
0,-0.006509,946685385.614415
0,-0.003587,946685385.617903
0,-0.002790,946685385.621339
0,-0.005048,946685385.624771
0,-0.001461,946685385.628210
0,-0.003852,946685385.631652
0,-0.004251,946685385.635084
0,-0.003321,946685385.638551
0,-0.002922,946685385.641846
0,-0.001860,946685385.645144
0,-0.004782,946685385.648470
0,-0.001993,946685385.651908
0,-0.003055,946685385.655345
0,-0.006243,946685385.658821
0,-0.004251,946685385.662258
0,-0.000930,946685385.665689
0,-0.002125,946685385.669133
0,-0.005845,946685385.672567
0,-0.001328,946685385.676005
0,-0.004251,946685385.679487
0,-0.001727,946685385.682923
0,-0.005978,946685385.686360
0,-0.003055,946685385.689737
0,-0.001594,946685385.693038
0,-0.033741,946685385.696338
0,-0.002790,946685385.699750
0,0.000930,946685385.703187
0,-0.004516,946685385.706623
0,-0.002391,946685385.710110
0,-0.003321,946685385.713545
0,-0.003852,946685385.716976
0,-0.004118,946685385.720422
0,-0.000797,946685385.723856
0,-0.001461,946685385.727298
0,-0.001993,946685385.730781
0,-0.001594,946685385.734212
0,-0.000797,946685385.737650
0,-0.002657,946685385.740972
0,-0.000930,946685385.744276
0,-0.002391,946685385.747572
0,-0.001594,946685385.751038
0,-0.034006,946685385.754470
0,0.001328,946685385.757974
0,0.000133,946685385.761405
0,-0.000797,946685385.764839
0,-0.002125,946685385.768284
0,-0.000266,946685385.771720
0,0.001196,946685385.775150
0,-0.000531,946685385.778624
0,-0.034006,946685385.782057
0,-0.000531,946685385.785495
0,-0.002524,946685385.788900
0,0.000797,946685385.792197
0,-0.002258,946685385.795489
0,-0.002790,946685385.798855
0,-0.000266,946685385.802294
0,-0.034006,946685385.805728
0,-0.001196,946685385.809163
0,-0.002258,946685385.812601
0,-0.002391,946685385.816031
0,-0.003454,946685385.819512
0,-0.003188,946685385.822944
0,0.001860,946685385.826375
0,-0.004384,946685385.829808
0,-0.001860,946685385.833241
0,-0.001860,946685385.836679
0,-0.002922,946685385.840038
0,-0.002524,946685385.843335
0,-0.001594,946685385.846629
0,-0.002258,946685385.850742
0,-0.003454,946685385.854293
0,-0.004915,946685385.857717
0,-0.001727,946685385.861183
0,0.000133,946685385.864599
0,-0.003454,946685385.868076
0,-0.003454,946685385.871488
0,-0.003719,946685385.874910
0,-0.004118,946685385.878376
0,-0.004649,946685385.881800
0,-0.006642,946685385.885220
0,-0.004782,946685385.888944
0,-0.003852,946685385.892962
0,-0.006111,946685385.896377
0,-0.002524,946685385.899844
0,-0.005978,946685385.903285
0,-0.004649,946685385.906765
0,-0.004649,946685385.910265
0,-0.002790,946685385.913713
0,-0.005579,946685385.917152
0,-0.003587,946685385.920623
0,-0.006376,946685385.924062
0,-0.004516,946685385.927493
0,-0.010096,946685385.930932
0,-0.005446,946685385.934366
0,-0.008103,946685385.937806
0,-0.008236,946685385.941453
0,-0.007705,946685385.944859
0,-0.007837,946685385.948202
0,-0.007970,946685385.951639
0,-0.009431,946685385.955072
0,-0.006376,946685385.958510
0,-0.008900,946685385.961950
0,-0.008236,946685385.965377
0,-0.009431,946685385.968817
0,-0.007173,946685385.972248
0,-0.008236,946685385.975687
0,-0.005579,946685385.979131
0,-0.012620,946685385.982566
0,-0.006908,946685385.985995
0,-0.009033,946685385.989783
0,-0.005446,946685385.993083
0,-0.007040,946685385.996369
0,-0.008767,946685385.999770
0,-0.007705,946685386.003403
0,-0.008369,946685386.006845
0,-0.009299,946685386.010336
0,-0.007439,946685386.013773
0,-0.008369,946685386.017212
0,-0.009033,946685386.020659
0,-0.003587,946685386.024104
0,-0.007173,946685386.027545
0,-0.008103,946685386.031026
0,-0.007837,946685386.034457
0,-0.005048,946685386.037944
0,-0.009299,946685386.041244
0,-0.005181,946685386.044540
0,-0.005579,946685386.047833
0,-0.009033,946685386.051331
0,-0.005978,946685386.054769
0,-0.006509,946685386.058215
0,-0.007572,946685386.061649
0,-0.005048,946685386.065088
0,-0.008502,946685386.068574
0,-0.005446,946685386.072015
0,-0.004118,946685386.075457
0,-0.006642,946685386.078874
0,-0.007705,946685386.082173
0,-0.005978,946685386.085478
0,-0.007306,946685386.088860
0,-0.004649,946685386.092303
0,-0.006376,946685386.095743
0,-0.009166,946685386.099192
0,-0.001860,946685386.102627
0,-0.002524,946685386.106066
0,-0.004915,946685386.109514
0,-0.003188,946685386.112952
0,-0.004649,946685386.116390
0,-0.009830,946685386.119877
0,-0.005313,946685386.123316
0,-0.007040,946685386.126750
0,-0.006111,946685386.130114
0,-0.003852,946685386.133418
0,-0.007306,946685386.136721
0,-0.005446,946685386.140151
0,-0.005712,946685386.143590
0,-0.007040,946685386.147023
0,-0.003719,946685386.150475
0,-0.005978,946685386.153912
0,-0.007439,946685386.157349
0,-0.006376,946685386.160825
0,-0.006775,946685386.164264
0,-0.007572,946685386.167706
0,-0.003852,946685386.171146
0,-0.007306,946685386.174584
0,-0.005048,946685386.178072
0,-0.007306,946685386.181382
0,-0.007173,946685386.184678
0,-0.003587,946685386.188046
0,-0.003852,946685386.191484
0,-0.004782,946685386.194926
0,-0.006642,946685386.198404
0,-0.007970,946685386.201840
0,-0.008369,946685386.205279
0,-0.006111,946685386.208722
0,-0.006111,946685386.212166
0,-0.007705,946685386.215603
0,-0.004516,946685386.219017
0,-0.008369,946685386.222316
0,-0.007173,946685386.225609
0,-0.006111,946685386.229006
0,-0.006908,946685386.232443
0,-0.007572,946685386.235884
0,-0.010096,946685386.239334
0,-0.007040,946685386.242776
0,-0.006509,946685386.246215
0,-0.006509,946685386.249696
0,-0.008502,946685386.253134
0,-0.008369,946685386.256569
0,-0.007040,946685386.260019
0,-0.007970,946685386.263461
0,-0.010361,946685386.266897
0,-0.007306,946685386.270280
0,-0.010760,946685386.273588
0,-0.005712,946685386.276887
0,-0.009299,946685386.280337
0,-0.011424,946685386.283774
0,-0.008634,946685386.287209
0,-0.009564,946685386.290664
0,-0.009166,946685386.294102
0,-0.010361,946685386.297536
0,-0.007705,946685386.301014
0,-0.011158,946685386.304458
0,-0.010760,946685386.307947
0,-0.009564,946685386.311243
0,-0.009166,946685386.314538
0,-0.013417,946685386.317838
0,-0.010627,946685386.321337
0,-0.009697,946685386.324779
0,-0.009564,946685386.328230
0,-0.009564,946685386.331670
0,-0.009830,946685386.335110
0,-0.010228,946685386.338600
0,-0.009299,946685386.342160
0,-0.012354,946685386.345599
0,-0.008634,946685386.349009
0,-0.013549,946685386.352314
0,-0.011026,946685386.355616
0,-0.012487,946685386.359013
0,-0.012088,946685386.362449
0,-0.009830,946685386.365882
0,-0.009431,946685386.369332
0,-0.009697,946685386.372768
0,-0.012620,946685386.376208
0,-0.012221,946685386.379707
0,-0.011291,946685386.383143
0,-0.010361,946685386.386582
0,-0.011690,946685386.389951
0,-0.010494,946685386.393250
0,-0.011158,946685386.396552
0,-0.008236,946685386.399980
0,-0.011823,946685386.403418
0,-0.010893,946685386.406856
0,-0.012487,946685386.410343
0,-0.011955,946685386.413785
0,-0.010228,946685386.417223
0,-0.010893,946685386.420671
0,-0.006642,946685386.424109
0,-0.014081,946685386.427544
0,-0.010096,946685386.431035
0,-0.007306,946685386.434473
0,-0.010096,946685386.437962
0,-0.006111,946685386.441264
0,-0.010096,946685386.444561
0,-0.010627,946685386.447914
0,-0.009697,946685386.451347
0,-0.009431,946685386.454786
0,-0.008236,946685386.458231
0,-0.010228,946685386.461674
0,-0.006376,946685386.465107
0,-0.006243,946685386.468593
0,-0.007705,946685386.472024
0,-0.007306,946685386.475459
0,-0.005048,946685386.478884
0,-0.008369,946685386.482187
0,-0.002391,946685386.485486
0,-0.007439,946685386.488864
0,-0.005313,946685386.492305
0,-0.003587,946685386.495745
0,-0.007439,946685386.499231
0,-0.008900,946685386.502669
0,-0.005978,946685386.506110
0,-0.004118,946685386.509561
0,-0.002922,946685386.512999
0,-0.004915,946685386.516438
0,-0.003587,946685386.519914
0,-0.005978,946685386.523359
0,-0.003188,946685386.526797
0,-0.003188,946685386.530155
0,-0.002391,946685386.533452
0,-0.002657,946685386.536748
0,-0.003852,946685386.540185
0,-0.001594,946685386.543627
0,-0.001727,946685386.547063
0,0.002524,946685386.550544
0,-0.000531,946685386.553977
0,-0.002258,946685386.557422
0,-0.003587,946685386.560863
0,-0.000797,946685386.564295
0,-0.001196,946685386.567731
0,0.001860,946685386.571224
0,-0.001993,946685386.574657
0,-0.001860,946685386.578152
0,0.000797,946685386.581457
0,0.000266,946685386.584751
0,-0.002391,946685386.588116
0,0.003985,946685386.591553
0,-0.000531,946685386.594993
0,0.001594,946685386.598437
0,-0.000797,946685386.601880
0,0.000000,946685386.605311
0,0.033608,946685386.608747
0,0.000664,946685386.612182
0,-0.033077,946685386.615618
0,-0.003985,946685386.619030
0,-0.001461,946685386.622331
0,0.033608,946685386.625631
0,-0.002391,946685386.629019
0,0.003454,946685386.632451
0,-0.001594,946685386.635872
0,0.001196,946685386.639290
0,0.000266,946685386.642685
0,0.001860,946685386.646185
0,-0.003321,946685386.649696
0,-0.000531,946685386.653136
0,-0.000399,946685386.656573
0,-0.001594,946685386.659942
0,0.001727,946685386.663244
0,0.002790,946685386.666544
0,-0.002258,946685386.669967
0,0.000266,946685386.673405
0,0.001196,946685386.676843
0,0.033342,946685386.680336
0,-0.003587,946685386.683775
0,0.001993,946685386.687210
0,0.001993,946685386.690654
0,0.002657,946685386.694091
0,-0.000399,946685386.697532
0,-0.001461,946685386.701015
0,0.000797,946685386.704456
0,-0.000930,946685386.707945
0,0.000930,946685386.711250
0,0.006509,946685386.714548
0,0.000000,946685386.717897
0,-0.000531,946685386.721340
0,0.002524,946685386.724774
0,0.002258,946685386.728225
0,0.002125,946685386.731663
0,0.033741,946685386.735102
0,0.033874,946685386.738586
0,-0.001196,946685386.742027
0,0.004782,946685386.745461
0,0.001063,946685386.748888
0,0.002790,946685386.752191
0,-0.001063,946685386.755498
0,0.001461,946685386.758868
0,0.001993,946685386.762311
0,-0.000133,946685386.765749
0,0.006111,946685386.769235
0,0.001461,946685386.772669
0,0.001860,946685386.776113
0,0.003719,946685386.779558
0,0.003719,946685386.782992
0,0.001063,946685386.786428
0,0.002657,946685386.789935
0,0.003587,946685386.793370
0,0.003188,946685386.796806
0,0.002922,946685386.800164
0,0.003188,946685386.803467
0,0.003321,946685386.806775
0,0.003454,946685386.810188
0,0.005048,946685386.813627
0,0.004649,946685386.817069
0,0.003985,946685386.820554
0,0.004516,946685386.823990
0,0.005313,946685386.827429
0,0.005712,946685386.831020
0,0.005978,946685386.834456
0,0.002790,946685386.838010
0,0.003852,946685386.841453
0,0.009431,946685386.844892
0,0.005446,946685386.848372
0,0.004782,946685386.851678
0,0.006775,946685386.854973
0,0.006908,946685386.858283
0,0.007040,946685386.861725
0,0.011823,946685386.865165
0,0.009697,946685386.868620
0,0.008634,946685386.872061
0,0.010096,946685386.875499
0,0.007970,946685386.878938
0,0.010760,946685386.882378
0,0.009564,946685386.885820
0,0.012752,946685386.889269
0,0.009033,946685386.892701
0,0.012221,946685386.896135
0,0.013948,946685386.899527
0,0.012487,946685386.902836
0,0.012487,946685386.906142
0,0.011291,946685386.909543
0,0.012088,946685386.912984
0,0.014479,946685386.916428
0,0.015542,946685386.919911
0,0.012885,946685386.923346
0,0.014081,946685386.926786
0,0.015409,946685386.930242
0,0.017269,946685386.933679
0,0.016339,946685386.937113
0,0.018597,946685386.940599
0,0.015940,946685386.944036
0,0.016605,946685386.947475
0,0.017402,946685386.950804
0,0.018464,946685386.954106
0,0.016738,946685386.957404
0,0.016870,946685386.960843
0,0.019926,946685386.964266
0,0.019261,946685386.967687
0,0.018199,946685386.971090
0,0.019926,946685386.974487
0,0.018332,946685386.977987
0,0.023247,946685386.981430
0,0.017402,946685386.984867
0,0.021254,946685386.988310
0,0.017136,946685386.991750
0,0.020988,946685386.995195
0,0.020723,946685386.998624
0,0.021387,946685387.001930
0,0.019926,946685387.005588
0,0.022184,946685387.008937
0,0.020191,946685387.012381
0,0.021121,946685387.015821
0,0.021652,946685387.019266
0,0.020324,946685387.022700
0,0.022317,946685387.026144
0,0.023512,946685387.029597
0,0.023114,946685387.033032
0,0.020058,946685387.036466
0,0.021121,946685387.039954
0,0.021652,946685387.043393
0,0.021387,946685387.046831
0,0.019660,946685387.050221
0,0.023379,946685387.053518
0,0.019926,946685387.056821
0,0.022184,946685387.060230
0,0.018066,946685387.063669
0,0.020590,946685387.067112
0,0.018597,946685387.070595
0,0.021785,946685387.074035
0,0.022184,946685387.077474
0,0.024442,946685387.080918
0,0.022317,946685387.084355
0,0.023379,946685387.087791
0,0.020988,946685387.091278
0,0.020457,946685387.094713
0,0.025638,946685387.098191
0,0.022317,946685387.101495
0,0.022317,946685387.104805
0,0.023114,946685387.108164
0,0.021254,946685387.111602
0,0.021254,946685387.115040
0,0.021387,946685387.118489
0,0.022715,946685387.121926
0,0.023114,946685387.125364
0,0.022981,946685387.128817
0,0.025638,946685387.132253
0,0.021652,946685387.135694
0,0.021652,946685387.139099
0,0.026567,946685387.142395
0,0.020723,946685387.145694
0,0.025372,946685387.149084
0,0.021918,946685387.152525
0,0.024442,946685387.155964
0,0.024309,946685387.159448
0,0.024841,946685387.162884
0,0.025903,946685387.166323
0,0.023512,946685387.169777
0,0.024044,946685387.173216
0,0.025239,946685387.176653
0,0.025903,946685387.180142
0,0.024973,946685387.183579
0,0.024841,946685387.187014
0,0.025638,946685387.190367
0,0.028029,946685387.193670
0,0.026700,946685387.196976
0,0.029091,946685387.200428
0,0.024575,946685387.203866
0,0.028029,946685387.207305
0,0.025770,946685387.210798
0,0.028294,946685387.214237
0,0.029623,946685387.217679
0,0.027365,946685387.221125
0,0.028427,946685387.224565
0,0.027099,946685387.228064
0,0.023778,946685387.231501
0,0.026302,946685387.234940
0,0.028959,946685387.238377
0,0.027896,946685387.241682
0,0.029091,946685387.244988
0,0.027763,946685387.248302
0,0.030553,946685387.251741
0,0.029623,946685387.255184
0,0.028959,946685387.258637
0,0.030685,946685387.262071
0,0.028427,946685387.265511
0,0.030951,946685387.268943
0,0.028294,946685387.272379
0,0.028294,946685387.275821
0,0.030685,946685387.279270
0,0.030818,946685387.282713
0,0.030553,946685387.286155
0,0.031084,946685387.289547
0,0.032545,946685387.292852
0,0.030818,946685387.296150
0,0.032147,946685387.299548
0,0.029888,946685387.302982
0,0.030420,946685387.306427
0,0.032678,946685387.309915
0,0.030420,946685387.313351
0,0.032279,946685387.316783
0,0.030553,946685387.320235
0,0.031217,946685387.323673
0,0.033874,946685387.327111
0,0.032811,946685387.330662
0,0.030021,946685387.334101
0,0.031881,946685387.337541
0,0.033209,946685387.340893
0,0.033077,946685387.344191
0,0.067880,946685387.347491
0,0.032944,946685387.350923
0,0.035733,946685387.354367
0,0.033741,946685387.357806
0,0.035202,946685387.361295
0,0.035202,946685387.364731
0,0.032279,946685387.368186
0,0.035600,946685387.371624
0,0.033741,946685387.375063
0,0.035733,946685387.378501
0,0.033209,946685387.381939
0,0.037726,946685387.385379
0,0.035600,946685387.388802
0,0.035202,946685387.392105
0,0.037062,946685387.395405
0,0.034803,946685387.398738
0,0.000000,946685387.402180
0,0.036265,946685387.405613
0,0.032279,946685387.409062
0,0.035335,946685387.412496
0,0.037991,946685387.415941
0,0.035866,946685387.419376
0,0.037991,946685387.422814
0,0.000531,946685387.426250
0,0.036796,946685387.429698
0,0.032545,946685387.433142
0,0.034139,946685387.436584
0,0.037593,946685387.439959
0,0.067880,946685387.443256
0,0.034538,946685387.446556
0,0.035202,946685387.449983
0,0.034538,946685387.453417
0,0.036663,946685387.456853
0,0.034803,946685387.460334
0,0.035733,946685387.463774
0,0.000000,946685387.467212
0,0.031615,946685387.470661
0,0.033209,946685387.474101
0,0.037991,946685387.477540
0,0.033475,946685387.481021
0,0.032545,946685387.484458
0,0.035733,946685387.487953
0,0.035600,946685387.491255
0,0.033209,946685387.494551
0,0.032944,946685387.497902
0,0.034538,946685387.501344
0,0.033077,946685387.504785
0,0.035999,946685387.508239
0,0.034803,946685387.511680
0,0.034671,946685387.515117
0,0.031748,946685387.518602
0,0.031748,946685387.522041
0,0.037726,946685387.525481
0,0.032944,946685387.528898
0,0.032412,946685387.532201
0,0.035600,946685387.535503
0,0.036132,946685387.538871
0,0.067880,946685387.542316
0,0.033608,946685387.545751
0,0.067481,946685387.549235
0,0.033741,946685387.552671
0,0.033209,946685387.556110
0,0.032014,946685387.559558
0,0.032014,946685387.562999
0,0.035600,946685387.566434
0,0.033608,946685387.569917
0,0.034803,946685387.573353
0,0.000930,946685387.576791
0,0.031217,946685387.580147
0,0.033475,946685387.583455
0,0.035999,946685387.586763
0,0.067880,946685387.590185
0,0.000664,946685387.593628
0,0.067747,946685387.597066
0,0.035335,946685387.600552
0,0.035202,946685387.603994
0,0.035335,946685387.607430
0,0.034936,946685387.610878
0,0.033475,946685387.614313
0,0.032944,946685387.617754
0,0.000399,946685387.621254
0,0.035999,946685387.624691
0,0.031084,946685387.628176
0,0.034936,946685387.631475
0,0.067880,946685387.634777
0,0.034803,946685387.638138
0,0.031881,946685387.641577
0,0.034405,946685387.645015
0,0.035999,946685387.648467
0,0.036929,946685387.651910
0,0.034936,946685387.655353
0,0.037859,946685387.658830
0,0.036530,946685387.662268
0,0.034139,946685387.665710
0,0.035468,946685387.669124
0,0.031084,946685387.672425
0,0.035335,946685387.675728
0,0.035069,946685387.679105
0,0.037460,946685387.682549
0,0.036530,946685387.685990
0,0.033741,946685387.689475
0,0.035069,946685387.692913
0,0.036663,946685387.696353
0,0.037991,946685387.699798
0,0.000531,946685387.703235
0,0.036796,946685387.706674
0,0.035069,946685387.710156
0,0.033475,946685387.713596
0,0.034671,946685387.717030
0,0.035600,946685387.720381
0,0.034803,946685387.723682
0,0.034139,946685387.726984
0,0.032811,946685387.730418
0,0.030685,946685387.733859
0,0.033741,946685387.737300
0,0.033342,946685387.740786
0,0.067481,946685387.744234
0,0.033475,946685387.747674
0,0.034405,946685387.751127
0,0.034936,946685387.754568
0,0.033342,946685387.758061
0,0.033741,946685387.761498
0,0.067747,946685387.764934
0,0.033077,946685387.768374
0,0.034671,946685387.771676
0,0.036132,946685387.774982
0,0.033741,946685387.778297
0,0.034139,946685387.781730
0,0.034006,946685387.785161
0,0.067614,946685387.788610
0,0.067481,946685387.792045
0,0.033077,946685387.795480
0,0.035866,946685387.798929
0,0.031748,946685387.802369
0,0.035999,946685387.805811
0,0.034671,946685387.809257
0,0.036397,946685387.812692
0,0.067216,946685387.816127
0,0.067747,946685387.819515
0,0.034671,946685387.822822
0,0.034006,946685387.826123
0,0.031615,946685387.829595
0,0.033077,946685387.833019
0,0.034671,946685387.836442
0,0.032811,946685387.839965
0,0.031084,946685387.843389
0,0.031881,946685387.846810
0,0.000399,946685387.850237
0,0.033741,946685387.853660
0,0.031217,946685387.857086
0,0.029357,946685387.860554
0,0.032545,946685387.863970
0,0.067481,946685387.867393
0,0.029091,946685387.870727
0,0.032147,946685387.874029
0,0.035202,946685387.877326
0,0.030951,946685387.880806
0,0.033874,946685387.884246
0,0.031615,946685387.887683
0,0.032279,946685387.891119
0,0.031615,946685387.894556
0,0.029888,946685387.898047
0,0.033608,946685387.901493
0,0.031217,946685387.904925
0,0.031217,946685387.908398
0,0.029490,946685387.911703
0,0.031881,946685387.915013
0,0.000133,946685387.918374
0,0.026435,946685387.921818
0,0.030818,946685387.925252
0,0.031482,946685387.928703
0,0.029091,946685387.932143
0,0.029224,946685387.935586
0,0.029091,946685387.939067
0,0.028294,946685387.942500
0,0.031881,946685387.945945
0,0.026567,946685387.949323
0,0.031881,946685387.952624
0,0.030553,946685387.955921
0,0.027630,946685387.959308
0,0.031217,946685387.962756
0,0.028029,946685387.966192
0,0.028959,946685387.969674
0,0.028294,946685387.973111
0,0.033342,946685387.976546
0,0.026833,946685387.980000
0,0.030553,946685387.983436
0,0.028029,946685387.986874
0,0.027232,946685387.990360
0,0.028693,946685387.993801
0,0.027763,946685387.997239
0,0.030154,946685388.000577
0,0.027630,946685388.004265
0,0.030685,946685388.007561
0,0.029756,946685388.011028
0,0.030154,946685388.014459
0,0.032014,946685388.017940
0,0.030951,946685388.021370
0,0.026435,946685388.024807
0,0.029623,946685388.028251
0,0.033475,946685388.031683
0,0.028959,946685388.035118
0,0.024973,946685388.038605
0,0.027365,946685388.042039
0,0.033209,946685388.045472
0,0.031615,946685388.048887
0,0.028693,946685388.052180
0,0.028162,946685388.055481
0,0.028294,946685388.058851
0,0.026169,946685388.062285
0,0.031084,946685388.065720
0,0.030021,946685388.069359
0,0.029623,946685388.072900
0,0.030553,946685388.076334
0,0.032147,946685388.079780
0,0.028427,946685388.083218
0,0.031217,946685388.086649
0,0.027763,946685388.090135
0,0.033077,946685388.093569
0,0.028560,946685388.097002
0,0.031615,946685388.100350
0,0.031482,946685388.103650
0,0.030287,946685388.106944
0,0.030021,946685388.110387
0,0.027896,946685388.113827
0,0.030154,946685388.117265
0,0.028560,946685388.120712
0,0.028959,946685388.124153
0,0.030420,946685388.127591
0,0.030553,946685388.131038
0,0.028162,946685388.134474
0,0.028959,946685388.137960
0,0.030685,946685388.141396
0,0.030021,946685388.144829
0,0.028162,946685388.148277
0,0.031748,946685388.151585
0,0.031084,946685388.154884
0,0.029623,946685388.158223
0,0.026833,946685388.161656
0,0.030420,946685388.165098
0,0.027763,946685388.168588
0,0.027232,946685388.172020
0,0.028693,946685388.175451
0,0.028560,946685388.178895
0,0.030021,946685388.182335
0,0.029091,946685388.185769
0,0.026700,946685388.189255
0,0.029490,946685388.192692
0,0.027896,946685388.196128
0,0.026966,946685388.199522
0,0.030685,946685388.202822
0,0.028427,946685388.206122
0,0.030287,946685388.209526
0,0.027630,946685388.212966
0,0.029091,946685388.216401
0,0.028427,946685388.219880
0,0.027630,946685388.223312
0,0.026567,946685388.226743
0,0.028294,946685388.230191
0,0.031350,946685388.233626
0,0.030154,946685388.237062
0,0.030154,946685388.240558
0,0.028693,946685388.243993
0,0.029888,946685388.247431
0,0.028959,946685388.250766
0,0.028029,946685388.254061
0,0.027232,946685388.257366
0,0.029623,946685388.260830
0,0.025903,946685388.264269
0,0.028294,946685388.267701
0,0.026833,946685388.271136
0,0.027763,946685388.274578
0,0.033342,946685388.278066
0,0.026036,946685388.281503
0,0.028162,946685388.284940
0,0.029357,946685388.288384
0,0.029490,946685388.291823
0,0.030818,946685388.295262
0,0.029357,946685388.298688
0,0.028162,946685388.301988
0,0.067614,946685388.305288
0,0.030021,946685388.308650
0,0.032279,946685388.312088
0,0.029224,946685388.315525
0,0.030420,946685388.319004
0,0.032545,946685388.322441
0,0.026833,946685388.325878
0,0.029490,946685388.329321
0,0.026700,946685388.332861
0,0.029756,946685388.336296
0,0.030420,946685388.339745
0,0.027365,946685388.343178
0,0.031748,946685388.346610
0,0.029091,946685388.349961
0,0.030021,946685388.353261
0,0.028427,946685388.356558
0,0.032545,946685388.359979
0,0.031482,946685388.363416
0,0.028959,946685388.366852
0,0.029091,946685388.370342
0,0.032811,946685388.373782
0,0.030685,946685388.377221
0,0.030287,946685388.380667
0,0.030021,946685388.384102
0,0.030154,946685388.387537
0,0.033077,946685388.391023
0,0.029357,946685388.394458
0,0.031217,946685388.397945
0,0.031748,946685388.401249
0,0.030685,946685388.404545
0,0.033077,946685388.407895
0,0.030951,946685388.411334
0,0.032279,946685388.414775
0,0.033475,946685388.418216
0,0.030021,946685388.421659
0,0.000133,946685388.425095
0,0.031881,946685388.428576
0,0.032944,946685388.432014
0,0.032014,946685388.435447
0,0.033209,946685388.438863
0,0.000399,946685388.442166
0,0.035069,946685388.445467
0,0.030818,946685388.448862
0,0.031748,946685388.452298
0,0.034405,946685388.455736
0,0.000000,946685388.459176
0,0.036663,946685388.462619
0,0.032412,946685388.466058
0,0.034936,946685388.469510
0,0.032545,946685388.472950
0,0.033209,946685388.476387
0,0.036663,946685388.479879
0,0.033209,946685388.483316
0,0.033475,946685388.486751
0,0.036132,946685388.490117
0,0.033475,946685388.493423
0,0.036132,946685388.496721
0,0.067880,946685388.500155
0,0.032412,946685388.503589
0,0.036265,946685388.507022
0,0.036530,946685388.510474
0,0.036663,946685388.513914
0,0.037460,946685388.517352
0,0.038257,946685388.520799
0,0.037859,946685388.524235
0,0.036663,946685388.527681
0,0.038656,946685388.531121
0,0.039320,946685388.534558
0,0.037593,946685388.538048
0,0.037460,946685388.541351
0,0.040117,946685388.544650
0,0.038656,946685388.548007
0,0.038789,946685388.551447
0,0.037991,946685388.554880
0,0.039851,946685388.558366
0,0.036132,946685388.561800
0,0.040515,946685388.565230
0,0.036530,946685388.568676
0,0.037327,946685388.572116
0,0.039320,946685388.575551
0,0.039054,946685388.578998
0,0.040781,946685388.582297
0,0.038257,946685388.585593
0,0.040515,946685388.588941
0,0.039320,946685388.592375
0,0.039851,946685388.595814
0,0.039718,946685388.599262
0,0.039054,946685388.602704
0,0.043836,946685388.606139
0,0.039453,946685388.609584
0,0.040914,946685388.613019
0,0.040250,946685388.616458
0,0.044235,946685388.619944
0,0.040250,946685388.623377
0,0.037991,946685388.626812
0,0.040250,946685388.630154
0,0.041445,946685388.633458
0,0.039320,946685388.636757
0,0.042242,946685388.640180
0,0.041047,946685388.643618
0,0.044368,946685388.647054
0,0.043039,946685388.650494
0,0.043172,946685388.653930
0,0.042375,946685388.657363
0,0.042774,946685388.660804
0,0.043836,946685388.664241
0,0.041844,946685388.667684
0,0.044368,946685388.671124
0,0.040648,946685388.674561
0,0.042375,946685388.678057
0,0.040781,946685388.681367
0,0.044102,946685388.684664
0,0.043704,946685388.688027
0,0.042242,946685388.691465
0,0.042641,946685388.694902
0,0.043836,946685388.698390
0,0.043704,946685388.701825
0,0.043969,946685388.705262
0,0.045563,946685388.708706
0,0.044102,946685388.712147
0,0.045298,946685388.715580
0,0.044899,946685388.719025
0,0.043305,946685388.722319
0,0.041844,946685388.725615
0,0.045032,946685388.729006
0,0.045962,946685388.732443
0,0.044633,946685388.735883
0,0.042242,946685388.739327
0,0.044899,946685388.742763
0,0.047024,946685388.746201
0,0.045298,946685388.749682
0,0.043438,946685388.753114
0,0.045829,946685388.756551
0,0.043172,946685388.760002
0,0.046759,946685388.763441
0,0.044368,946685388.766878
0,0.043969,946685388.770265
0,0.048353,946685388.773561
0,0.044766,946685388.776862
0,0.048751,946685388.780257
0,0.047290,946685388.783695
0,0.045696,946685388.787134
0,0.047157,946685388.790586
0,0.049548,946685388.794021
0,0.047423,946685388.797454
0,0.045165,946685388.800898
0,0.048751,946685388.804332
0,0.046759,946685388.807773
0,0.048486,946685388.811263
0,0.049548,946685388.814692
0,0.047423,946685388.818170
0,0.048618,946685388.821474
0,0.051674,946685388.824770
0,0.049548,946685388.828127
0,0.050345,946685388.831660
0,0.050744,946685388.835098
0,0.049681,946685388.838640
0,0.049681,946685388.842076
0,0.051807,946685388.845517
0,0.051010,946685388.849013
0,0.047954,946685388.852451
0,0.052471,946685388.855895
0,0.051010,946685388.859296
0,0.053932,946685388.862596
0,0.051674,946685388.865898
0,0.051010,946685388.869291
0,0.052205,946685388.872726
0,0.053002,946685388.876157
0,0.053666,946685388.879602
0,0.051541,946685388.883039
0,0.051939,946685388.886479
0,0.053002,946685388.889924
0,0.052471,946685388.893361
0,0.055393,946685388.896797
0,0.051807,946685388.900250
0,0.056057,946685388.903683
0,0.053666,946685388.907116
0,0.053002,946685388.910486
0,0.052869,946685388.913786
0,0.055393,946685388.917091
0,0.056987,946685388.920551
0,0.056057,946685388.923984
0,0.054596,946685388.927419
0,0.056722,946685388.930867
0,0.057784,946685388.934304
0,0.051807,946685388.937739
0,0.055393,946685388.941224
0,0.057519,946685388.944665
0,0.057253,946685388.948155
0,0.056323,946685388.951593
0,0.057651,946685388.955030
0,0.055526,946685388.958469
0,0.058183,946685388.961769
0,0.059245,946685388.965071
0,0.057120,946685388.968423
0,0.063363,946685388.971858
0,0.055659,946685388.975292
0,0.059511,946685388.978730
0,0.059777,946685388.982161
0,0.058448,946685388.985596
0,0.056456,946685388.989072
0,0.058581,946685388.992505
0,0.062965,946685388.995944
0,0.060840,946685388.999388
0,0.061769,946685389.003186
0,0.059910,946685389.006628
0,0.058316,946685389.010026
0,0.058448,946685389.013324
0,0.060441,946685389.016622
0,0.061371,946685389.020019
0,0.061238,946685389.023457
0,0.059777,946685389.026896
0,0.060707,946685389.030376
0,0.062832,946685389.033817
0,0.061238,946685389.037257
0,0.060707,946685389.040702
0,0.060308,946685389.044136
0,0.063762,946685389.047572
0,0.060175,946685389.051018
0,0.060972,946685389.054457
0,0.061637,946685389.057964
0,0.061504,946685389.061263
0,0.062168,946685389.064562
0,0.062434,946685389.067913
0,0.061238,946685389.071353
0,0.063496,946685389.074795
0,0.062035,946685389.078241
0,0.064293,946685389.081674
0,0.063496,946685389.085110
0,0.061637,946685389.088596
0,0.062965,946685389.092030
0,0.061238,946685389.095466
0,0.064957,946685389.098882
0,0.061504,946685389.102179
0,0.064028,946685389.105486
0,0.060707,946685389.108858
0,0.064293,946685389.112295
0,0.063895,946685389.115733
0,0.061902,946685389.119177
0,0.062434,946685389.122612
0,0.062965,946685389.126050
0,0.063629,946685389.129497
0,0.063762,946685389.132931
0,0.062566,946685389.136372
0,0.060972,946685389.139814
0,0.061371,946685389.143246
0,0.060840,946685389.146682
0,0.064426,946685389.150042
0,0.060308,946685389.153345
0,0.066020,946685389.156645
0,0.063762,946685389.160037
0,0.064160,946685389.163476
0,0.061637,946685389.166917
0,0.065489,946685389.170363
0,0.065755,946685389.173802
0,0.067083,946685389.177238
0,0.069474,946685389.180684
0,0.063098,946685389.184127
0,0.064160,946685389.187560
0,0.064426,946685389.191007
0,0.064825,946685389.194446
0,0.062301,946685389.197934
0,0.063762,946685389.201232
0,0.065887,946685389.204529
0,0.065489,946685389.207827
0,0.063629,946685389.211321
0,0.065223,946685389.214761
0,0.065622,946685389.218207
0,0.064426,946685389.221641
0,0.067880,946685389.225079
0,0.064692,946685389.228565
0,0.064957,946685389.232004
0,0.034538,946685389.235436
0,0.065090,946685389.238851
0,0.068146,946685389.242150
0,0.066950,946685389.245453
0,0.064825,946685389.248831
0,0.064426,946685389.252271
0,0.068544,946685389.255704
0,0.067481,946685389.259160
0,0.064160,946685389.262599
0,0.069341,946685389.266040
0,0.066684,946685389.269487
0,0.066817,946685389.272921
0,0.066950,946685389.276358
0,0.067747,946685389.279740
0,0.067880,946685389.283040
0,0.066552,946685389.286336
0,0.066419,946685389.289752
0,0.065090,946685389.293176
0,0.068677,946685389.296596
0,0.101753,946685389.299973
0,0.066020,946685389.303386
0,0.067481,946685389.306801
0,0.068278,946685389.310209
0,0.066020,946685389.313601
0,0.069740,946685389.317045
0,0.070271,946685389.320489
0,0.101886,946685389.323876
0,0.067747,946685389.327309
0,0.067747,946685389.330737
0,0.066020,946685389.334037
0,0.034405,946685389.337340
0,0.063762,946685389.340814
0,0.065489,946685389.344248
0,0.067349,946685389.347683
0,0.065622,946685389.351120
0,0.065489,946685389.354561
0,0.066552,946685389.358057
0,0.068411,946685389.361499
0,0.034006,946685389.364934
0,0.067083,946685389.368375
0,0.068411,946685389.371669
0,0.067349,946685389.374967
0,0.068943,946685389.378283
0,0.067481,946685389.381717
0,0.067747,946685389.385159
0,0.068278,946685389.388608
0,0.066286,946685389.392040
0,0.066817,946685389.395473
0,0.101753,946685389.398870
0,0.069341,946685389.402307
0,0.068544,946685389.405743
0,0.068943,946685389.409181
0,0.068013,946685389.412622
0,0.068278,946685389.416057
0,0.070005,946685389.419442
0,0.101753,946685389.422692
0,0.064957,946685389.425988
0,0.067083,946685389.429351
0,0.066817,946685389.432789
0,0.069075,946685389.436222
0,0.069075,946685389.439697
0,0.070138,946685389.443130
0,0.071467,946685389.446565
0,0.068810,946685389.450003
0,0.068943,946685389.453437
0,0.067481,946685389.456869
0,0.069075,946685389.460350
0,0.067349,946685389.463788
0,0.069341,946685389.467223
0,0.071201,946685389.470561
0,0.068278,946685389.473863
0,0.066552,946685389.477164
0,0.069607,946685389.480613
0,0.066817,946685389.484046
0,0.068146,946685389.487483
0,0.068411,946685389.490915
0,0.068544,946685389.494350
0,0.070138,946685389.497782
0,0.071068,946685389.501268
0,0.066020,946685389.504696
0,0.066817,946685389.508166
0,0.066950,946685389.511602
0,0.069208,946685389.515033
0,0.034803,946685389.518471
0,0.065622,946685389.521765
0,0.067349,946685389.525066
0,0.066817,946685389.528436
0,0.067083,946685389.531873
0,0.067614,946685389.535306
0,0.065622,946685389.538749
0,0.065223,946685389.542188
0,0.034139,946685389.545617
0,0.065090,946685389.549060
0,0.070138,946685389.552490
0,0.065887,946685389.555928
0,0.065489,946685389.559372
0,0.067481,946685389.562809
0,0.064559,946685389.566245
0,0.064692,946685389.569625
0,0.066817,946685389.572932
0,0.064160,946685389.576228
0,0.067481,946685389.579602
0,0.065090,946685389.583037
0,0.066286,946685389.586473
0,0.064957,946685389.589916
0,0.061504,946685389.593352
0,0.066817,946685389.596784
0,0.064160,946685389.600236
0,0.063496,946685389.603672
0,0.063231,946685389.607111
0,0.064559,946685389.610592
0,0.064559,946685389.614027
0,0.066020,946685389.617462
0,0.063231,946685389.620800
0,0.063496,946685389.624100
0,0.065090,946685389.627400
0,0.064426,946685389.630854
0,0.061371,946685389.634295
0,0.064426,946685389.637733
0,0.064426,946685389.641218
0,0.065090,946685389.644646
0,0.064426,946685389.648134
0,0.064028,946685389.651574
0,0.062699,946685389.655012
0,0.063895,946685389.658459
0,0.064825,946685389.661894
0,0.065090,946685389.665335
0,0.067083,946685389.668785
0,0.061637,946685389.672082
0,0.060308,946685389.675383
0,0.062832,946685389.678714
0,0.062699,946685389.682151
0,0.063629,946685389.685583
0,0.065223,946685389.689060
0,0.059113,946685389.692491
0,0.063496,946685389.695928
0,0.064559,946685389.699372
0,0.059644,946685389.702809
0,0.063098,946685389.706245
0,0.061105,946685389.709691
0,0.065755,946685389.713129
0,0.063231,946685389.716564
0,0.063762,946685389.719936
0,0.060840,946685389.723237
0,0.062699,946685389.726536
0,0.059910,946685389.729975
0,0.064293,946685389.733411
0,0.062434,946685389.736846
0,0.060441,946685389.740329
0,0.062699,946685389.743762
0,0.063098,946685389.747185
0,0.063098,946685389.750631
0,0.063762,946685389.754059
0,0.062699,946685389.757490
0,0.061371,946685389.760931
0,0.064426,946685389.764363
0,0.066950,946685389.767801
0,0.061105,946685389.771147
0,0.062965,946685389.774447
0,0.062301,946685389.777745
0,0.062301,946685389.781238
0,0.061371,946685389.784670
0,0.061105,946685389.788150
0,0.061105,946685389.791587
0,0.063496,946685389.795019
0,0.061902,946685389.798461
0,0.063231,946685389.801895
0,0.059378,946685389.805333
0,0.066950,946685389.808783
0,0.063629,946685389.812082
0,0.062434,946685389.815374
0,0.061504,946685389.818707
0,0.060707,946685389.822149
0,0.061902,946685389.825586
0,0.068943,946685389.829140
0,0.061637,946685389.832576
0,0.065887,946685389.836008
0,0.063231,946685389.839543
0,0.060574,946685389.842982
0,0.062301,946685389.846413
0,0.063098,946685389.849893
0,0.060840,946685389.853333
0,0.063231,946685389.856768
0,0.059644,946685389.860130
0,0.064028,946685389.863434
0,0.063098,946685389.866737
0,0.060840,946685389.870176
0,0.063363,946685389.873613
0,0.062301,946685389.877049
0,0.058980,946685389.880482
0,0.062301,946685389.883925
0,0.061371,946685389.887357
0,0.060840,946685389.890804
0,0.062566,946685389.894243
0,0.058581,946685389.897675
0,0.061105,946685389.901121
0,0.059777,946685389.904554
0,0.062965,946685389.908043
0,0.061105,946685389.911335
0,0.062699,946685389.914635
0,0.058847,946685389.917988
0,0.060175,946685389.921419
0,0.058183,946685389.924853
0,0.061637,946685389.928295
0,0.058714,946685389.931734
0,0.061238,946685389.935171
0,0.058581,946685389.938608
0,0.061105,946685389.942041
0,0.060574,946685389.945476
0,0.062566,946685389.948891
0,0.058847,946685389.952194
0,0.060840,946685389.955497
0,0.060707,946685389.959004
0,0.060175,946685389.962442
0,0.059113,946685389.965868
0,0.061238,946685389.969307
0,0.058316,946685389.972740
0,0.058448,946685389.976242
0,0.058316,946685389.979704
0,0.061105,946685389.983162
0,0.060840,946685389.986595
0,0.057386,946685389.990038
0,0.060308,946685389.993482
0,0.055526,946685389.996920
0,0.059511,946685390.000348
0,0.056190,946685390.003783
0,0.058714,946685390.007237
0,0.058714,946685390.010773
0,0.057120,946685390.014237
0,0.058581,946685390.017664
0,0.059910,946685390.021098
0,0.059378,946685390.024529
0,0.058980,946685390.028020
0,0.056987,946685390.031638
0,0.058316,946685390.035223
0,0.056987,946685390.038696
0,0.057651,946685390.042147
0,0.059777,946685390.045588
0,0.057120,946685390.049035
0,0.057917,946685390.052337
0,0.059910,946685390.055642
0,0.058581,946685390.059061
0,0.059245,946685390.062504
0,0.056987,946685390.065945
0,0.058050,946685390.069331
0,0.058448,946685390.072631
0,0.059378,946685390.075934
0,0.055659,946685390.079359
0,0.060175,946685390.082662
0,0.057386,946685390.085963
0,0.059378,946685390.089312
0,0.058980,946685390.092619
0,0.059245,946685390.095927
0,0.056323,946685390.099261
0,0.060441,946685390.102565
0,0.060175,946685390.105869
0,0.060574,946685390.109410
0,0.057120,946685390.112714
0,0.058847,946685390.116021
0,0.060043,946685390.119400
0,0.058448,946685390.122841
0,0.058448,946685390.126314
0,0.058050,946685390.129769
0,0.059378,946685390.133195
0,0.060175,946685390.136619
0,0.056987,946685390.140043
0,0.063098,946685390.143461
0,0.060972,946685390.146889
0,0.061371,946685390.150411
0,0.059511,946685390.153834
0,0.060043,946685390.157254
0,0.060707,946685390.160680
0,0.061902,946685390.164111
0,0.057651,946685390.167539
0,0.059113,946685390.171005
0,0.061637,946685390.174429
0,0.061769,946685390.177901
0,0.059511,946685390.181328
0,0.061504,946685390.184753
0,0.064160,946685390.188184
0,0.061637,946685390.191630
0,0.064028,946685390.195075
0,0.061238,946685390.198518
0,0.060043,946685390.201958
0,0.059777,946685390.205396
0,0.062832,946685390.208846
0,0.060707,946685390.212287
0,0.062965,946685390.215727
0,0.062434,946685390.219167
0,0.066286,946685390.222603
0,0.060840,946685390.226046
0,0.063231,946685390.229438
0,0.062035,946685390.232736
0,0.060308,946685390.236039
0,0.063629,946685390.239473
0,0.062832,946685390.242910
0,0.061504,946685390.246349
0,0.063496,946685390.249796
0,0.062168,946685390.253230
0,0.065090,946685390.256676
0,0.059777,946685390.260162
0,0.061637,946685390.263598
0,0.063231,946685390.267083
0,0.062832,946685390.270570
0,0.063762,946685390.273999
0,0.060707,946685390.277413
0,0.062965,946685390.280858
0,0.065090,946685390.284288
0,0.061769,946685390.287723
0,0.062832,946685390.291204
0,0.062035,946685390.294637
0,0.060441,946685390.298116
0,0.063629,946685390.301569
0,0.065090,946685390.305001
0,0.061504,946685390.308448
0,0.062301,946685390.311883
0,0.064160,946685390.315325
0,0.064426,946685390.318783
0,0.060707,946685390.322085
0,0.061371,946685390.325380
0,0.064028,946685390.328714
0,0.063895,946685390.332279
0,0.064160,946685390.335719
0,0.064692,946685390.339165
0,0.063363,946685390.342600
0,0.065755,946685390.346037
0,0.064293,946685390.349485
0,0.062965,946685390.352921
0,0.064293,946685390.356364
0,0.064692,946685390.359811
0,0.064426,946685390.363250
0,0.062434,946685390.366687
0,0.065755,946685390.370056
0,0.065223,946685390.373351
0,0.065887,946685390.376651
0,0.063629,946685390.380044
0,0.065090,946685390.383490
0,0.065356,946685390.386926
0,0.062965,946685390.390373
0,0.064426,946685390.393811
0,0.065090,946685390.397246
0,0.062434,946685390.400692
0,0.065090,946685390.404132
0,0.065223,946685390.407569
0,0.065755,946685390.411015
0,0.063629,946685390.414454
0,0.065356,946685390.417966
0,0.064160,946685390.421266
0,0.068544,946685390.424562
0,0.066419,946685390.427917
0,0.061902,946685390.431364
0,0.068943,946685390.434797
0,0.062699,946685390.438247
0,0.063231,946685390.441682
0,0.066817,946685390.445122
0,0.067083,946685390.448611
0,0.068943,946685390.452046
0,0.066684,946685390.455484
0,0.068278,946685390.458902
0,0.069607,946685390.462211
0,0.064426,946685390.465512
0,0.064957,946685390.468872
0,0.070404,946685390.472315
0,0.069474,946685390.475755
0,0.068278,946685390.479244
0,0.066684,946685390.482683
0,0.066286,946685390.486122
0,0.071334,946685390.489577
0,0.066950,946685390.493016
0,0.068544,946685390.496456
0,0.065356,946685390.499939
0,0.069872,946685390.503378
0,0.072928,946685390.506819
0,0.066684,946685390.510166
0,0.067216,946685390.513470
0,0.071201,946685390.516772
0,0.066817,946685390.520189
0,0.073193,946685390.523632
0,0.068146,946685390.527079
0,0.072264,946685390.530563
0,0.072795,946685390.534006
0,0.072131,946685390.537444
0,0.073193,946685390.540894
0,0.071467,946685390.544334
0,0.071865,946685390.547769
0,0.074920,946685390.551260
0,0.071068,946685390.554701
0,0.073725,946685390.558187
0,0.071201,946685390.561487
0,0.072529,946685390.564785
0,0.072795,946685390.568139
0,0.074123,946685390.571579
0,0.071467,946685390.575016
0,0.075053,946685390.578467
0,0.073459,946685390.581903
0,0.076382,946685390.585342
0,0.074123,946685390.588828
0,0.072529,946685390.592269
0,0.075717,946685390.595711
0,0.073592,946685390.599122
0,0.072264,946685390.602431
0,0.076780,946685390.605735
0,0.076249,946685390.609099
0,0.075186,946685390.612540
0,0.076116,946685390.615982
0,0.071732,946685390.619484
0,0.077976,946685390.622924
0,0.075584,946685390.626360
0,0.077976,946685390.629807
0,0.074123,946685390.633246
0,0.076382,946685390.636693
0,0.075717,946685390.640144
0,0.080765,946685390.643534
0,0.077444,946685390.646970
0,0.076647,946685390.650331
0,0.074920,946685390.653628
0,0.076780,946685390.656928
0,0.078108,946685390.660374
0,0.078241,946685390.663815
0,0.076780,946685390.667259
0,0.075850,946685390.670702
0,0.079304,946685390.674141
0,0.077179,946685390.677578
0,0.076514,946685390.681033
0,0.075452,946685390.684470
0,0.077046,946685390.687961
0,0.077444,946685390.691258
0,0.078773,946685390.694554
0,0.078507,946685390.697911
0,0.077843,946685390.701351
0,0.079171,946685390.704788
0,0.077444,946685390.708232
0,0.079038,946685390.711679
0,0.081828,946685390.715065
0,0.079702,946685390.718502
0,0.080234,946685390.721887
0,0.077444,946685390.725325
0,0.079702,946685390.728786
0,0.079038,946685390.732085
0,0.079968,946685390.735383
0,0.078507,946685390.738716
0,0.078374,946685390.742152
0,0.081695,946685390.745560
0,0.077046,946685390.749045
0,0.080632,946685390.752435
0,0.078374,946685390.755873
0,0.082891,946685390.759279
0,0.079835,946685390.762718
0,0.080234,946685390.766100
0,0.078374,946685390.769550
0,0.077311,946685390.772987
0,0.079570,946685390.776428
0,0.078108,946685390.779833
0,0.080898,946685390.783074
0,0.077046,946685390.786372
0,0.083555,946685390.789704
0,0.078773,946685390.793147
0,0.079835,946685390.796585
0,0.082625,946685390.799987
0,0.081164,946685390.803380
0,0.079702,946685390.806818
0,0.080632,946685390.810209
0,0.081695,946685390.813600
0,0.082625,946685390.816987
0,0.081296,946685390.820391
0,0.077311,946685390.823829
0,0.081429,946685390.827216
0,0.083023,946685390.830645
0,0.079038,946685390.833945
0,0.082226,946685390.837205
0,0.086079,946685390.840575
0,0.081164,946685390.843966
0,0.082492,946685390.847351
0,0.085282,946685390.850780
0,0.084352,946685390.854169
0,0.084086,946685390.857577
0,0.082891,946685390.861364
0,0.082359,946685390.864752
0,0.086743,946685390.868142
0,0.084617,946685390.871513
0,0.084750,946685390.874920
0,0.082359,946685390.878357
0,0.083555,946685390.881754
0,0.083289,946685390.885137
0,0.087141,946685390.888639
0,0.087274,946685390.892024
0,0.081429,946685390.895411
0,0.084485,946685390.898773
0,0.084617,946685390.902021
0,0.083156,946685390.905263
0,0.087009,946685390.908582
0,0.084086,946685390.911963
0,0.083156,946685390.915340
0,0.086477,946685390.918740
0,0.085946,946685390.921980
0,0.087407,946685390.925231
0,0.085016,946685390.928630
0,0.083953,946685390.931870
0,0.083422,946685390.935111
0,0.087274,946685390.938478
0,0.089267,946685390.941861
0,0.085149,946685390.945240
0,0.089400,946685390.948624
0,0.089532,946685390.952001
0,0.087274,946685390.955372
0,0.087540,946685390.958790
0,0.088071,946685390.962173
0,0.089400,946685390.965542
0,0.089532,946685390.969223
0,0.090595,946685390.972647
0,0.088603,946685390.976004
0,0.087274,946685390.979463
0,0.086610,946685390.982839
0,0.086743,946685390.986216
0,0.088071,946685390.989643
0,0.086876,946685390.993014
0,0.090861,946685390.996390
0,0.087407,946685390.999770
0,0.090462,946685391.003245
0,0.087407,946685391.006615
0,0.088204,946685391.010000
0,0.090064,946685391.013384
0,0.087540,946685391.016774
0,0.089001,946685391.020172
0,0.087274,946685391.023554
0,0.085946,946685391.026943
0,0.089665,946685391.030338
0,0.088204,946685391.033730
0,0.090861,946685391.037113
0,0.088204,946685391.040541
0,0.088735,946685391.043921
0,0.089134,946685391.047303
0,0.089267,946685391.050623
0,0.090197,946685391.053867
0,0.085813,946685391.057106
0,0.089665,946685391.060515
0,0.092588,946685391.063902
0,0.088603,946685391.067286
0,0.089665,946685391.070719
0,0.088868,946685391.074102
0,0.087141,946685391.077485
0,0.090994,946685391.080876
0,0.088071,946685391.084263
0,0.089665,946685391.087643
0,0.090197,946685391.090911
0,0.090595,946685391.094161
0,0.090329,946685391.097406
0,0.089532,946685391.100822
0,0.088735,946685391.104210
0,0.091923,946685391.107595
0,0.089798,946685391.110990
0,0.089134,946685391.114378
0,0.088337,946685391.117763
0,0.089665,946685391.121208
0,0.090064,946685391.124596
0,0.089400,946685391.128031
0,0.092056,946685391.131419
0,0.094315,946685391.134803
0,0.087938,946685391.138194
0,0.088603,946685391.141449
0,0.089134,946685391.144698
0,0.088868,946685391.148008
0,0.089665,946685391.151395
0,0.087938,946685391.154780
0,0.087673,946685391.158184
0,0.085016,946685391.161569
0,0.089001,946685391.164954
0,0.090197,946685391.168352
0,0.089267,946685391.171742
0,0.091525,946685391.175130
0,0.086743,946685391.178542
0,0.088071,946685391.181787
0,0.091259,946685391.185037
0,0.087407,946685391.188344
0,0.088204,946685391.191734
0,0.087407,946685391.195120
0,0.088735,946685391.198559
0,0.087141,946685391.201950
0,0.084617,946685391.205342
0,0.090197,946685391.208772
0,0.089134,946685391.212160
0,0.087009,946685391.215538
0,0.086211,946685391.218940
0,0.089798,946685391.222183
0,0.091658,946685391.225430
0,0.088204,946685391.228751
0,0.088603,946685391.232145
0,0.088735,946685391.235528
0,0.089001,946685391.238959
0,0.087938,946685391.242339
0,0.089798,946685391.245727
0,0.087938,946685391.249120
0,0.087407,946685391.252507
0,0.089798,946685391.255893
0,0.086477,946685391.259238
0,0.089665,946685391.262485
0,0.087141,946685391.265737
0,0.087540,946685391.269053
0,0.084617,946685391.272435
0,0.090064,946685391.275819
0,0.091525,946685391.279214
0,0.087407,946685391.282597
0,0.087407,946685391.285985
0,0.090064,946685391.289421
0,0.089665,946685391.292806
0,0.085813,946685391.296197
0,0.089134,946685391.299649
0,0.088337,946685391.303034
0,0.090861,946685391.306419
0,0.086344,946685391.309781
0,0.091126,946685391.313028
0,0.087141,946685391.316274
0,0.087673,946685391.319643
0,0.089931,946685391.323139
0,0.091392,946685391.326532
0,0.085813,946685391.329926
0,0.087806,946685391.333309
0,0.088735,946685391.336699
0,0.088337,946685391.340098
0,0.089665,946685391.343484
0,0.089798,946685391.346873
0,0.091525,946685391.350212
0,0.088071,946685391.353460
0,0.087407,946685391.356712
0,0.091525,946685391.360094
0,0.088071,946685391.363477
0,0.086743,946685391.366864
0,0.086743,946685391.370299
0,0.088603,946685391.373683
0,0.091791,946685391.377070
0,0.094580,946685391.380502
0,0.089134,946685391.383890
0,0.088735,946685391.387280
0,0.085680,946685391.390717
0,0.089931,946685391.394105
0,0.089267,946685391.397492
0,0.086477,946685391.400749
0,0.089267,946685391.404000
0,0.085813,946685391.407247
0,0.087141,946685391.410623
0,0.087673,946685391.414011
0,0.089665,946685391.417401
0,0.088470,946685391.420801
0,0.088735,946685391.424187
0,0.085547,946685391.427570
0,0.087274,946685391.430965
0,0.088470,946685391.434356
0,0.086211,946685391.437742
0,0.085813,946685391.441176
0,0.086477,946685391.444560
0,0.085946,946685391.448000
0,0.091658,946685391.451250
0,0.085946,946685391.454497
0,0.088603,946685391.457743
0,0.088204,946685391.461186
0,0.083820,946685391.464575
0,0.086079,946685391.468018
0,0.087274,946685391.471404
0,0.087141,946685391.474791
0,0.089798,946685391.478188
0,0.087407,946685391.481572
0,0.082625,946685391.484956
0,0.086477,946685391.488346
0,0.087938,946685391.491592
0,0.082891,946685391.494846
0,0.087806,946685391.498153
0,0.084750,946685391.501537
0,0.084617,946685391.504921
0,0.087938,946685391.508347
0,0.087540,946685391.511738
0,0.086610,946685391.515120
0,0.085282,946685391.518550
0,0.080765,946685391.521936
0,0.085149,946685391.525326
0,0.083688,946685391.528759
0,0.084086,946685391.532141
0,0.083289,946685391.535527
0,0.084883,946685391.538919
0,0.085282,946685391.542172
0,0.087141,946685391.545418
0,0.083820,946685391.548705
0,0.084883,946685391.552094
0,0.086610,946685391.555491
0,0.081164,946685391.558881
0,0.084750,946685391.562267
0,0.081429,946685391.565657
0,0.084086,946685391.569055
0,0.085547,946685391.572441
0,0.083289,946685391.575832
0,0.082625,946685391.579226
0,0.081296,946685391.582613
0,0.082492,946685391.585993
0,0.080898,946685391.589370
0,0.081429,946685391.592616
0,0.080367,946685391.595860
0,0.085414,946685391.599208
0,0.083023,946685391.602603
0,0.081828,946685391.605990
0,0.080898,946685391.609430
0,0.080632,946685391.612817
0,0.082094,946685391.616205
0,0.081429,946685391.619639
0,0.083023,946685391.623025
0,0.080234,946685391.626412
0,0.084750,946685391.629766
0,0.079702,946685391.633072
0,0.080632,946685391.636319
0,0.081429,946685391.639670
0,0.082625,946685391.643034
0,0.084086,946685391.646403
0,0.079437,946685391.649979
0,0.082758,946685391.653365
0,0.081961,946685391.656750
0,0.083289,946685391.660142
0,0.081695,946685391.663530
0,0.080765,946685391.666916
0,0.083953,946685391.670312
0,0.080101,946685391.673695
0,0.081164,946685391.677080
0,0.082094,946685391.680410
0,0.077976,946685391.683706
0,0.078374,946685391.687000
0,0.082492,946685391.690363
0,0.083023,946685391.693746
0,0.079038,946685391.697192
0,0.078241,946685391.700638
0,0.079835,946685391.704072
0,0.083422,946685391.707453
0,0.079835,946685391.710902
0,0.082359,946685391.714283
0,0.077843,946685391.717720
0,0.078773,946685391.721216
0,0.080234,946685391.724601
0,0.083289,946685391.728040
0,0.081695,946685391.731287
0,0.083555,946685391.734533
0,0.080499,946685391.737777
0,0.081031,946685391.741228
0,0.083289,946685391.744611
0,0.079570,946685391.748098
0,0.082359,946685391.751481
0,0.081164,946685391.754870
0,0.079968,946685391.758316
0,0.082226,946685391.761704
0,0.083156,946685391.765091
0,0.081164,946685391.768506
0,0.080632,946685391.771759
0,0.081429,946685391.775005
0,0.078773,946685391.778360
0,0.082758,946685391.781744
0,0.083555,946685391.785129
0,0.083023,946685391.788562
0,0.079702,946685391.791990
0,0.080898,946685391.795373
0,0.081562,946685391.798769
0,0.079702,946685391.802207
0,0.080898,946685391.805597
0,0.077710,946685391.809044
0,0.081961,946685391.812433
0,0.079835,946685391.815864
0,0.080632,946685391.819340
0,0.080101,946685391.822589
0,0.082891,946685391.825834
0,0.084352,946685391.829132
0,0.081828,946685391.832503
0,0.078507,946685391.835929
0,0.082492,946685391.839312
0,0.079171,946685391.842728
0,0.083289,946685391.846094
0,0.079570,946685391.849532
0,0.078241,946685391.852954
0,0.078773,946685391.856373
0,0.078905,946685391.859804
0,0.079570,946685391.863228
0,0.080234,946685391.866603
0,0.081031,946685391.869911
0,0.082094,946685391.873158
0,0.081562,946685391.876403
0,0.079038,946685391.879842
0,0.078108,946685391.883277
0,0.081164,946685391.886665
0,0.077311,946685391.890143
0,0.077046,946685391.893577
0,0.080898,946685391.896970
0,0.077577,946685391.900424
0,0.082359,946685391.903812
0,0.080898,946685391.907200
0,0.080898,946685391.910597
0,0.080101,946685391.913989
0,0.080765,946685391.917378
0,0.077311,946685391.920826
0,0.080765,946685391.924212
0,0.080234,946685391.927610
0,0.082359,946685391.931487
0,0.077179,946685391.934922
0,0.077976,946685391.938408
0,0.078241,946685391.941839
0,0.077577,946685391.945279
0,0.079968,946685391.948726
0,0.078374,946685391.952164
0,0.078108,946685391.955601
0,0.079702,946685391.959051
0,0.077444,946685391.962483
0,0.080765,946685391.965870
0,0.078241,946685391.969271
0,0.079968,946685391.972572
0,0.079570,946685391.975875
0,0.080101,946685391.979225
0,0.079304,946685391.982656
0,0.080632,946685391.986041
0,0.075850,946685391.989489
0,0.078507,946685391.992924
0,0.077046,946685391.996360
0,0.077710,946685391.999803
0,0.079835,946685392.003518
0,0.076647,946685392.006964
0,0.078905,946685392.010412
0,0.079038,946685392.013849
0,0.078640,946685392.017287
0,0.078905,946685392.020655
0,0.080367,946685392.023907
0,0.079171,946685392.027204
0,0.079968,946685392.030623
0,0.079835,946685392.034065
0,0.081429,946685392.037456
0,0.079702,946685392.040902
0,0.077976,946685392.044338
0,0.077577,946685392.047780
0,0.078905,946685392.051269
0,0.078241,946685392.054709
0,0.080499,946685392.058132
0,0.076913,946685392.061566
0,0.078905,946685392.065001
0,0.079038,946685392.068446
0,0.078773,946685392.071746
0,0.079835,946685392.075045
0,0.079835,946685392.078399
0,0.079702,946685392.081835
0,0.080499,946685392.085227
0,0.078374,946685392.088668
0,0.079437,946685392.092105
0,0.076780,946685392.095540
0,0.079304,946685392.099030
0,0.079304,946685392.102468
0,0.081695,946685392.105853
0,0.079968,946685392.109301
0,0.082226,946685392.112694
0,0.078374,946685392.116131
0,0.082758,946685392.119471
0,0.077843,946685392.122775
0,0.078507,946685392.126073
0,0.083023,946685392.129437
0,0.077311,946685392.132873
0,0.082492,946685392.136253
0,0.082625,946685392.139645
0,0.083023,946685392.143032
0,0.081031,946685392.146418
0,0.080632,946685392.149864
0,0.081164,946685392.153251
0,0.081164,946685392.156634
0,0.080632,946685392.159979
0,0.084485,946685392.163230
0,0.084750,946685392.166476
0,0.082492,946685392.169855
0,0.081031,946685392.173244
0,0.084219,946685392.176631
0,0.081164,946685392.180067
0,0.083555,946685392.183453
0,0.082226,946685392.186839
0,0.080765,946685392.190274
0,0.086344,946685392.193661
0,0.082226,946685392.197042
0,0.084617,946685392.200325
0,0.081695,946685392.203574
0,0.083953,946685392.206828
0,0.081429,946685392.210186
0,0.084883,946685392.213576
0,0.084086,946685392.216965
0,0.083422,946685392.220358
0,0.086876,946685392.223750
0,0.085547,946685392.227140
0,0.086344,946685392.230538
0,0.080101,946685392.233931
0,0.084883,946685392.237317
0,0.082891,946685392.240753
0,0.082891,946685392.244139
0,0.082758,946685392.247530
0,0.086079,946685392.250835
0,0.084883,946685392.254091
0,0.086477,946685392.257343
0,0.081695,946685392.260761
0,0.081828,946685392.264149
0,0.086477,946685392.267538
0,0.084883,946685392.270976
0,0.082758,946685392.274364
0,0.086876,946685392.277751
0,0.080499,946685392.281185
0,0.088337,946685392.284574
0,0.083688,946685392.288015
0,0.083289,946685392.291267
0,0.085016,946685392.294513
0,0.086211,946685392.297758
0,0.084750,946685392.301209
0,0.083688,946685392.304591
0,0.085282,946685392.308031
0,0.085016,946685392.311416
0,0.084883,946685392.314915
0,0.083156,946685392.318346
0,0.087009,946685392.321735
0,0.084352,946685392.325122
0,0.089001,946685392.328537
0,0.082492,946685392.331790
0,0.087009,946685392.335037
0,0.087141,946685392.338349
0,0.085813,946685392.341739
0,0.087009,946685392.345127
0,0.084883,946685392.348576
0,0.087141,946685392.351964
0,0.087407,946685392.355353
0,0.084352,946685392.358780
0,0.089931,946685392.362164
0,0.087009,946685392.365552
0,0.085680,946685392.368993
0,0.087407,946685392.372385
0,0.086876,946685392.375770
0,0.085414,946685392.379159
0,0.086743,946685392.382404
0,0.089665,946685392.385652
0,0.083820,946685392.388991
0,0.087009,946685392.392378
0,0.085282,946685392.395767
0,0.088204,946685392.399204
0,0.086876,946685392.402590
0,0.088071,946685392.405975
0,0.087938,946685392.409409
0,0.088204,946685392.412797
0,0.088735,946685392.416184
0,0.089665,946685392.419503
0,0.086079,946685392.422758
0,0.089001,946685392.425999
0,0.087540,946685392.429309
0,0.086477,946685392.432694
0,0.090994,946685392.436083
0,0.089532,946685392.439481
