0,-0.015808,946686600.632875
0,-0.013284,946686600.636252
0,-0.018730,946686600.639869
0,-0.018066,946686600.643176
0,-0.021918,946686600.646468
0,-0.024442,946686600.650148
0,-0.025903,946686600.653448
0,-0.027099,946686600.656745
0,-0.026966,946686600.660440
0,-0.032944,946686600.663742
0,-0.033475,946686600.667039
0,-0.036397,946686600.670927
0,-0.038124,946686600.674240
0,-0.039320,946686600.677546
0,-0.043305,946686600.681146
0,-0.044633,946686600.684593
0,-0.043704,946686600.688095
0,-0.047954,946686600.691544
0,-0.047423,946686600.694990
0,-0.052604,946686600.698443
0,-0.051674,946686600.701884
0,-0.055792,946686600.705329
0,-0.058050,946686600.708794
0,-0.060308,946686600.712100
0,-0.062434,946686600.715405
0,-0.062566,946686600.718743
0,-0.070935,946686600.722193
0,-0.069474,946686600.725640
0,-0.069075,946686600.729092
0,-0.071998,946686600.732534
0,-0.067481,946686600.735979
0,-0.074522,946686600.739478
0,-0.076913,946686600.742924
0,-0.073326,946686600.746366
0,-0.074256,946686600.749812
0,-0.073061,946686600.753262
0,-0.071068,946686600.756703
0,-0.077311,946686600.760076
0,-0.072662,946686600.763385
0,-0.075584,946686600.766697
0,-0.072131,946686600.770166
0,-0.034272,946686600.773610
0,-0.071865,946686600.777058
0,-0.070138,946686600.780551
0,-0.065755,946686600.784000
0,-0.066552,946686600.787446
0,-0.064160,946686600.790904
0,-0.064825,946686600.794344
0,-0.060175,946686600.797790
0,-0.061105,946686600.801151
0,-0.060707,946686600.804461
0,-0.058050,946686600.807766
0,-0.050744,946686600.811267
0,-0.053932,946686600.814718
0,-0.049416,946686600.818174
0,-0.048618,946686600.821618
0,-0.043571,946686600.825065
0,-0.045298,946686600.828515
0,-0.045032,946686600.831965
0,-0.042508,946686600.835411
0,-0.040648,946686600.838837
0,-0.039984,946686600.842149
0,-0.038523,946686600.845462
0,-0.037460,946686600.848896
0,-0.039054,946686600.852344
0,-0.034671,946686600.855786
0,-0.034405,946686600.859272
0,-0.033077,946686600.862723
0,-0.034405,946686600.866167
0,-0.032545,946686600.869616
0,-0.032147,946686600.873060
0,-0.028693,946686600.876506
0,-0.029357,946686600.880372
0,-0.026302,946686600.883815
0,-0.025770,946686600.887254
0,-0.023778,946686600.890577
0,-0.018597,946686600.893884
0,-0.021785,946686600.897187
0,-0.016738,946686600.900625
0,-0.013682,946686600.904068
0,-0.010627,946686600.907509
0,-0.009431,946686600.910994
0,-0.005048,946686600.914436
0,-0.001993,946686600.917926
0,0.001860,946686600.921364
0,0.004782,946686600.924806
0,0.006775,946686600.928254
0,0.011557,946686600.931685
0,0.011823,946686600.935121
0,0.012752,946686600.938587
0,0.015940,946686600.941895
0,0.022981,946686600.945196
0,0.020590,946686600.948524
0,0.023512,946686600.951972
0,0.028029,946686600.955411
0,0.028826,946686600.958862
0,0.028294,946686600.962302
0,0.034538,946686600.965735
0,0.035202,946686600.969179
0,0.037194,946686600.972618
0,0.036530,946686600.976060
0,0.037859,946686600.979503
0,0.042375,946686600.982944
0,0.042508,946686600.986378
0,0.045696,946686600.989746
0,0.046759,946686600.993043
0,0.049150,946686600.996340
0,0.051674,946686600.999745
0,0.052604,946686601.003253
0,0.059113,946686601.006699
0,0.056722,946686601.010158
0,0.057651,946686601.013601
0,0.066950,946686601.017044
0,0.034272,946686601.020495
0,0.066020,946686601.023939
0,0.072264,946686601.027381
0,0.071068,946686601.030837
0,0.073326,946686601.034281
0,0.074787,946686601.037720
0,0.074787,946686601.041083
0,0.075053,946686601.044387
0,0.077444,946686601.047691
0,0.077311,946686601.051144
0,0.078241,946686601.054581
0,0.080367,946686601.058023
0,0.081961,946686601.061415
0,0.083156,946686601.064808
0,0.082226,946686601.068215
0,0.082094,946686601.071605
0,0.083555,946686601.074994
0,0.080765,946686601.078396
0,0.082094,946686601.081791
0,0.080632,946686601.085184
0,0.076647,946686601.088618
0,0.078374,946686601.091925
0,0.077976,946686601.095229
0,0.074787,946686601.098611
0,0.074522,946686601.102052
0,0.071732,946686601.105495
0,0.070670,946686601.108938
0,0.069341,946686601.112382
0,0.067349,946686601.115823
0,0.064559,946686601.119278
0,0.063629,946686601.122725
0,0.060043,946686601.126286
0,0.061371,946686601.129680
0,0.053135,946686601.132990
0,0.058050,946686601.136298
0,0.054463,946686601.139712
0,0.054862,946686601.143140
0,0.053799,946686601.146568
0,0.054463,946686601.150005
0,0.050478,946686601.153431
0,0.049416,946686601.156857
0,0.049283,946686601.160335
0,0.051142,946686601.163761
0,0.049947,946686601.167184
0,0.047157,946686601.170623
0,0.047821,946686601.174048
0,0.048618,946686601.177479
0,0.044633,946686601.180807
0,0.043969,946686601.184115
0,0.047157,946686601.187468
0,0.047423,946686601.190950
0,0.044633,946686601.194394
0,0.045829,946686601.197835
0,0.044102,946686601.201336
0,0.051010,946686601.204776
0,0.048353,946686601.208236
0,0.048220,946686601.211676
0,0.048486,946686601.215119
0,0.050345,946686601.218618
0,0.048751,946686601.222060
0,0.050877,946686601.225498
0,0.051674,946686601.228902
0,0.050611,946686601.232202
0,0.052736,946686601.235507
0,0.050213,946686601.238875
0,0.054463,946686601.242318
0,0.051142,946686601.245753
0,0.052338,946686601.249243
0,0.052471,946686601.252689
0,0.053533,946686601.256133
0,0.049814,946686601.259579
0,0.049681,946686601.263023
0,0.041312,946686601.266467
0,0.045430,946686601.269962
0,0.041312,946686601.273403
0,0.039187,946686601.276846
0,0.036530,946686601.280240
0,0.035335,946686601.283551
0,0.031217,946686601.286861
0,0.030154,946686601.290268
0,0.031748,946686601.293712
0,0.028162,946686601.297151
0,0.024708,946686601.300606
0,0.025239,946686601.304044
0,0.024575,946686601.307483
0,0.023911,946686601.310930
0,0.026700,946686601.314372
0,0.021520,946686601.317821
0,0.019660,946686601.321316
0,0.020457,946686601.324761
0,0.022317,946686601.328213
0,0.018066,946686601.331528
0,0.017269,946686601.334835
0,0.017269,946686601.338189
0,0.019660,946686601.341635
0,0.018464,946686601.345079
0,0.018996,946686601.348577
0,0.017800,946686601.352018
0,0.016339,946686601.355456
0,0.012221,946686601.358906
0,0.015940,946686601.362354
0,0.008103,946686601.365800
0,0.013284,946686601.369282
0,0.012752,946686601.372726
0,0.009299,946686601.376171
0,0.005048,946686601.379553
0,0.003321,946686601.382861
0,0.003587,946686601.386169
0,0.002258,946686601.389540
0,-0.001196,946686601.392988
0,-0.003055,946686601.396441
0,-0.002790,946686601.399928
0,-0.007439,946686601.403369
0,-0.006775,946686601.406819
0,-0.009299,946686601.410266
0,-0.011424,946686601.413709
0,-0.014214,946686601.417152
0,-0.016605,946686601.420611
0,-0.016339,946686601.424049
0,-0.016339,946686601.427497
0,-0.018332,946686601.430825
0,-0.023645,946686601.434130
0,-0.021520,946686601.437435
0,-0.024841,946686601.440900
0,-0.028162,946686601.444346
0,-0.023911,946686601.447792
0,-0.029357,946686601.451287
0,-0.030287,946686601.454727
0,-0.031084,946686601.458181
0,-0.034405,946686601.461621
0,-0.034139,946686601.465067
0,-0.030420,946686601.468511
0,-0.037194,946686601.471957
0,-0.068013,946686601.475406
0,-0.034272,946686601.478828
0,-0.035999,946686601.482141
0,-0.030818,946686601.485447
0,-0.034671,946686601.488833
0,-0.032678,946686601.492274
0,-0.033475,946686601.495717
0,-0.034272,946686601.499173
0,-0.031482,946686601.502617
0,-0.033741,946686601.506064
0,-0.032944,946686601.509520
0,-0.033209,946686601.512967
0,-0.031350,946686601.516410
0,-0.033475,946686601.519912
0,-0.031748,946686601.523355
0,-0.031217,946686601.526798
0,-0.032412,946686601.530168
0,-0.030287,946686601.533473
0,-0.028693,946686601.536781
0,-0.028294,946686601.540187
0,-0.027099,946686601.543631
0,-0.026169,946686601.547076
0,-0.026833,946686601.550579
0,-0.027497,946686601.554025
0,-0.023512,946686601.557463
0,-0.024973,946686601.560920
0,-0.023645,946686601.564361
0,-0.025770,946686601.567809
0,-0.022848,946686601.571309
0,-0.024973,946686601.574748
0,-0.022715,946686601.578204
0,-0.024442,946686601.581518
0,-0.022981,946686601.584827
0,-0.021652,946686601.588188
0,-0.022848,946686601.591634
0,-0.025505,946686601.595079
0,-0.027099,946686601.598578
0,-0.028162,946686601.602021
0,-0.022582,946686601.605464
0,-0.022715,946686601.608920
0,-0.023379,946686601.612367
0,-0.024044,946686601.615816
0,-0.024442,946686601.619376
0,-0.026302,946686601.622825
0,-0.025239,946686601.626271
0,-0.026700,946686601.629666
0,-0.025106,946686601.632981
0,-0.026966,946686601.636294
0,-0.026700,946686601.639728
0,-0.028294,946686601.643171
0,-0.026302,946686601.646618
0,-0.026833,946686601.650066
0,-0.028029,946686601.653508
0,-0.026567,946686601.656952
0,-0.029756,946686601.660411
0,-0.030420,946686601.663853
0,-0.029888,946686601.667294
0,-0.030154,946686601.670786
0,-0.028294,946686601.674233
0,-0.028959,946686601.677681
0,-0.030818,946686601.681009
0,-0.033077,946686601.684320
0,-0.032014,946686601.687628
0,-0.029490,946686601.691073
0,-0.032279,946686601.694517
0,-0.030154,946686601.698017
0,-0.033209,946686601.701465
0,-0.000133,946686601.704912
0,-0.033077,946686601.708404
0,-0.032545,946686601.711844
0,-0.037859,946686601.715286
0,-0.038523,946686601.718733
0,-0.037726,946686601.722181
0,-0.036796,946686601.725631
0,-0.041578,946686601.729048
0,-0.041047,946686601.732357
0,-0.043172,946686601.735668
0,-0.046493,946686601.739073
0,-0.043571,946686601.742514
0,-0.048751,946686601.745961
0,-0.048884,946686601.749454
0,-0.051142,946686601.752897
0,-0.052604,946686601.756348
0,-0.048884,946686601.759799
0,-0.055393,946686601.763241
0,-0.053135,946686601.766683
0,-0.051541,946686601.770136
0,-0.050744,946686601.773579
0,-0.052072,946686601.777015
0,-0.047954,946686601.780374
0,-0.048884,946686601.783684
0,-0.044899,946686601.786998
0,-0.047290,946686601.790427
0,-0.046360,946686601.793871
0,-0.043571,946686601.797317
0,-0.045032,946686601.800814
0,-0.041047,946686601.804258
0,-0.043704,946686601.807702
0,-0.042906,946686601.811147
0,-0.040250,946686601.814591
0,-0.040117,946686601.818094
0,-0.040383,946686601.821534
0,-0.039718,946686601.824979
0,-0.038523,946686601.828427
0,-0.037726,946686601.831733
0,-0.036265,946686601.835048
0,-0.031217,946686601.838468
0,-0.037593,946686601.841919
0,-0.033342,946686601.845365
0,-0.032545,946686601.848823
0,-0.033608,946686601.852268
0,-0.067880,946686601.855714
0,-0.032279,946686601.859166
0,-0.029224,946686601.862611
0,-0.029224,946686601.866059
0,-0.068013,946686601.869511
0,-0.031482,946686601.872956
0,-0.030553,946686601.876404
0,-0.031615,946686601.879820
0,-0.031482,946686601.883129
0,-0.033874,946686601.886435
0,-0.028959,946686601.889829
0,-0.031084,946686601.893273
0,-0.028029,946686601.896724
0,-0.030420,946686601.900184
0,-0.029490,946686601.903628
0,-0.030951,946686601.907076
0,-0.030818,946686601.910572
0,-0.029490,946686601.914023
0,-0.030021,946686601.917471
0,-0.030818,946686601.920932
0,-0.031084,946686601.924377
0,-0.031217,946686601.927825
0,-0.028560,946686601.931191
0,-0.027630,946686601.934502
0,-0.028162,946686601.937811
0,-0.027232,946686601.941314
0,-0.028560,946686601.944766
0,-0.027232,946686601.948218
0,-0.027365,946686601.951661
0,-0.027763,946686601.955106
0,-0.029756,946686601.958602
0,-0.031217,946686601.962051
0,-0.030685,946686601.965495
0,-0.029756,946686601.968906
0,-0.032147,946686601.972214
0,-0.032678,946686601.975525
0,-0.029091,946686601.978877
0,-0.031881,946686601.982330
0,-0.029490,946686601.985774
0,-0.029888,946686601.989267
0,-0.031615,946686601.992718
0,-0.032014,946686601.996164
0,-0.030685,946686601.999616
0,-0.029091,946686602.003064
0,-0.031881,946686602.006510
0,-0.032944,946686602.009963
0,-0.032678,946686602.013408
0,-0.032545,946686602.016849
0,-0.032678,946686602.020248
0,-0.031350,946686602.023551
0,-0.032545,946686602.026854
0,-0.034405,946686602.030259
0,-0.031217,946686602.033700
0,-0.000133,946686602.037147
0,-0.032944,946686602.040599
0,-0.032279,946686602.044037
0,-0.033475,946686602.047482
0,-0.033209,946686602.050919
0,-0.030287,946686602.054361
0,-0.067880,946686602.057799
0,-0.000399,946686602.061298
0,-0.032944,946686602.064735
0,-0.035468,946686602.068184
0,-0.033342,946686602.071492
0,-0.032944,946686602.074797
0,-0.032811,946686602.078160
0,-0.031084,946686602.081599
0,-0.033741,946686602.085046
0,-0.033874,946686602.088491
0,-0.034139,946686602.091931
0,-0.068013,946686602.095368
0,-0.030021,946686602.098817
0,-0.032545,946686602.102370
0,-0.031482,946686602.105811
0,-0.028427,946686602.109215
0,-0.030420,946686602.112524
0,-0.031350,946686602.115834
0,-0.029888,946686602.119241
0,-0.031350,946686602.122680
0,-0.030818,946686602.126116
0,-0.028029,946686602.129563
0,-0.028427,946686602.133001
0,-0.026567,946686602.136432
0,-0.023379,946686602.139920
0,-0.023379,946686602.143358
0,-0.026036,946686602.146799
0,-0.022848,946686602.150246
0,-0.024841,946686602.153682
0,-0.021520,946686602.157124
0,-0.020324,946686602.160469
0,-0.022051,946686602.163781
0,-0.024309,946686602.167087
0,-0.019527,946686602.170507
0,-0.024442,946686602.173948
0,-0.041977,946686602.177387
0,-0.056722,946686602.180833
0,-0.076382,946686602.184273
0,-0.086743,946686602.187671
0,-0.111716,946686602.191078
0,-0.122609,946686602.194478
0,-0.144394,946686602.197924
0,-0.158209,946686602.201327
0,-0.178932,946686602.204723
0,-0.204835,946686602.208133
0,-0.227816,946686602.211398
1,-0.249203,946686602.214679
1,-0.305659,946686602.218014
1,-0.295829,946686602.221422
1,-0.329702,946686602.224832
1,-0.342853,946686602.228245
1,-0.375266,946686602.231650
1,-0.395723,946686602.235055
0,-0.425213,946686602.238500
0,-0.426010,946686602.241906
0,-0.408741,946686602.245312
0,-0.365967,946686602.248748
0,-0.338735,946686602.252017
0,-0.334485,946686602.255288
0,-0.359458,946686602.258620
0,-0.386026,946686602.262026
0,-0.398379,946686602.265428
0,-0.414054,946686602.268847
0,-0.444474,946686602.272256
0,-0.464532,946686602.275660
0,-0.483130,946686602.279077
0,-0.508103,946686602.282479
0,-0.536663,946686602.285888
0,-0.557917,946686602.289305
0,-0.583289,946686602.292711
0,-0.598433,946686602.296115
0,-0.617694,946686602.299473
0,-0.643332,946686602.302751
0,-0.667508,946686602.306022
0,-0.691950,946686602.309356
0,-0.699920,946686602.312757
0,-0.727683,946686602.316172
0,-0.747875,946686602.319518
0,-0.775638,946686602.322790
0,-0.790648,946686602.326056
0,-0.808714,946686602.329479
0,-0.833555,946686602.332895
0,-0.854277,946686602.336297
0,-0.876860,946686602.339712
0,-0.900106,946686602.343119
0,-0.911663,946686602.346530
0,-0.941684,946686602.349869
0,-0.965064,946686602.353148
0,-0.981004,946686602.356419
0,-1.003985,946686602.359783
0,-1.021520,946686602.363191
0,-1.045032,946686602.366598
0,-1.064957,946686602.370010
0,-1.083289,946686602.373412
0,-1.108528,946686602.376809
0,-1.128852,946686602.380223
0,-1.153959,946686602.383629
0,-1.168172,946686602.387031
0,-1.195537,946686602.390590
0,-1.213868,946686602.394010
0,-1.234060,946686602.397421
0,-1.255048,946686602.400734
1,-1.277099,946686602.404027
1,-1.294102,946686602.407306
1,-1.318278,946686602.410759
1,-1.331429,946686602.414171
1,-1.355739,946686602.417579
1,-1.379118,946686602.420998
1,-1.385361,946686602.424418
1,-1.358395,946686602.427829
1,-1.314028,946686602.431300
1,-1.275638,946686602.434709
1,-1.239373,946686602.438161
1,-1.207625,946686602.441445
1,-1.177338,946686602.444724
1,-1.122875,946686602.448070
1,-1.114639,946686602.451486
1,-1.102152,946686602.454901
1,-1.080101,946686602.458358
1,-1.058581,946686602.461767
1,-1.041445,946686602.465181
1,-1.027497,946686602.468607
1,-1.000133,946686602.472026
1,-0.997609,946686602.475440
1,-0.982731,946686602.478833
1,-0.962540,946686602.482111
1,-0.967986,946686602.485392
1,-0.942747,946686602.488708
1,-0.932784,946686602.492128
1,-0.933980,946686602.495542
1,-0.910202,946686602.499008
1,-0.901567,946686602.502422
1,-0.897848,946686602.505834
1,-0.881908,946686602.509258
0,-0.870351,946686602.512702
0,-0.872078,946686602.516114
0,-0.853613,946686602.519539
0,-0.848433,946686602.522949
0,-0.843518,946686602.526363
0,-0.824787,946686602.529719
0,-0.820005,946686602.533002
0,-0.817349,946686602.536274
0,-0.797157,946686602.539674
0,-0.826780,946686602.543088
0,-0.845244,946686602.546498
0,-0.856668,946686602.549926
0,-0.893332,946686602.553338
0,-0.885893,946686602.556755
0,-0.884564,946686602.560179
0,-0.935972,946686602.563602
0,-0.947662,946686602.567016
0,-0.965861,946686602.570348
0,-0.990967,946686602.573629
0,-1.000133,946686602.576907
0,-1.026435,946686602.580395
0,-1.033741,946686602.583806
0,-1.055260,946686602.587219
0,-1.071599,946686602.590637
0,-1.122078,946686602.594048
0,-1.099761,946686602.597466
0,-1.119819,946686602.600890
0,-1.139214,946686602.604302
0,-1.154623,946686602.607708
0,-1.171626,946686602.611135
0,-1.182651,946686602.614547
0,-1.201249,946686602.618013
0,-1.220776,946686602.621284
0,-1.234192,946686602.624555
0,-1.251063,946686602.627832
0,-1.264745,946686602.631304
0,-1.280818,946686602.634719
0,-1.296095,946686602.638139
1,-1.319740,946686602.641571
1,-1.323193,946686602.644989
1,-1.344580,946686602.648415
1,-1.361583,946686602.651829
1,-1.378454,946686602.655239
1,-1.391472,946686602.658652
1,-1.391339,946686602.661929
1,-1.357067,946686602.665206
1,-1.317747,946686602.668570
1,-1.273247,946686602.671988
1,-1.232731,946686602.675402
1,-1.202179,946686602.678832
1,-1.167109,946686602.682245
1,-1.127922,946686602.685654
1,-1.101089,946686602.689082
1,-1.074123,946686602.692496
1,-1.044766,946686602.695913
1,-1.030553,946686602.699293
1,-1.009033,946686602.702573
1,-0.990170,946686602.705860
1,-0.970244,946686602.709241
1,-0.954968,946686602.712652
1,-0.940887,946686602.716063
1,-0.921892,946686602.719487
1,-0.910468,946686602.722894
1,-0.894129,946686602.726307
1,-0.880845,946686602.729730
1,-0.871015,946686602.733138
1,-0.852019,946686602.736556
1,-0.843783,946686602.739907
1,-0.830898,946686602.743185
1,-0.822396,946686602.746461
1,-0.814559,946686602.749873
0,-0.803401,946686602.753315
0,-0.788257,946686602.756730
0,-0.780021,946686602.760157
0,-0.766472,946686602.763568
0,-0.757040,946686602.766983
0,-0.750266,946686602.770409
0,-0.735388,946686602.773819
0,-0.732997,946686602.777235
0,-0.722104,946686602.780556
0,-0.734857,946686602.783836
0,-0.767800,946686602.787112
0,-0.768863,946686602.790554
0,-0.795563,946686602.793972
0,-0.808714,946686602.797393
0,-0.822131,946686602.800816
0,-0.849628,946686602.804230
0,-0.859989,946686602.807645
0,-0.875797,946686602.811069
0,-0.905420,946686602.814489
0,-0.913124,946686602.817959
0,-0.939957,946686602.821235
0,-0.954835,946686602.824512
0,-0.968252,946686602.827785
0,-0.990303,946686602.831256
0,-1.004118,946686602.834663
0,-1.023247,946686602.838177
0,-1.047157,946686602.841588
0,-1.051275,946686602.845004
0,-1.087141,946686602.848425
0,-1.093650,946686602.851837
0,-1.119421,946686602.855250
0,-1.136291,946686602.858663
0,-1.150638,946686602.861942
0,-1.170962,946686602.865218
0,-1.192614,946686602.868588
0,-1.204437,946686602.872000
0,-1.221838,946686602.875416
0,-1.238709,946686602.878837
0,-1.263682,946686602.882252
0,-1.273645,946686602.885658
1,-1.297821,946686602.889105
1,-1.310175,946686602.892518
1,-1.329437,946686602.895930
1,-1.352152,946686602.899286
1,-1.358794,946686602.902565
1,-1.392003,946686602.905839
1,-1.385893,946686602.909212
1,-1.356536,946686602.912622
1,-1.309644,946686602.916034
1,-1.282944,946686602.919453
1,-1.239772,946686602.922864
1,-1.203507,946686602.926275
1,-1.179729,946686602.929696
1,-1.140675,946686602.933110
1,-1.107465,946686602.936529
1,-1.087938,946686602.939876
1,-1.066020,946686602.943156
1,-1.042774,946686602.946428
1,-1.034272,946686602.949780
1,-1.017933,946686602.953187
1,-1.005978,946686602.956585
1,-0.982200,946686602.959995
1,-0.975956,946686602.963385
1,-0.961211,946686602.966785
1,-0.943013,946686602.970173
1,-0.943544,946686602.973544
1,-0.925478,946686602.976917
1,-0.908741,946686602.980392
1,-0.915781,946686602.983805
1,-0.916445,946686602.987218
1,-0.890276,946686602.990535
1,-0.917508,946686602.993818
1,-0.863709,946686602.997100
0,-0.872078,946686603.000566
0,-0.850425,946686603.004231
0,-0.848964,946686603.007649
0,-0.845643,946686603.011072
0,-0.825717,946686603.014489
0,-0.834086,946686603.017950
0,-0.817614,946686603.021361
0,-0.818146,946686603.024773
0,-0.812566,946686603.028193
0,-0.825186,946686603.031472
0,-0.864904,946686603.034747
0,-0.864373,946686603.038080
0,-0.901966,946686603.041494
0,-0.906881,946686603.044907
0,-0.937965,946686603.048363
0,-0.984724,946686603.051771
0,-0.970909,946686603.055177
0,-1.002125,946686603.058698
0,-1.022450,946686603.062112
0,-1.035468,946686603.065523
0,-1.062434,946686603.068960
0,-1.082891,946686603.072235
0,-1.100691,946686603.075517
0,-1.154490,946686603.078843
0,-1.139612,946686603.082255
0,-1.160202,946686603.085670
0,-1.182386,946686603.089093
0,-1.202179,946686603.092507
0,-1.221971,946686603.095921
0,-1.242960,946686603.099342
0,-1.266206,946686603.102755
0,-1.285335,946686603.106175
0,-1.304729,946686603.109587
0,-1.328374,946686603.112998
0,-1.350027,946686603.116412
0,-1.363310,946686603.119796
0,-1.384431,946686603.123070
0,-1.412726,946686603.126342
1,-1.425478,946686603.129736
1,-1.448326,946686603.133146
1,-1.474628,946686603.136561
1,-1.484857,946686603.139990
1,-1.517136,946686603.143400
1,-1.562168,946686603.146810
1,-1.535202,946686603.150219
1,-1.499070,946686603.153635
1,-1.457891,946686603.157049
1,-1.422821,946686603.160465
1,-1.393730,946686603.163871
1,-1.351222,946686603.167284
1,-1.336079,946686603.170630
1,-1.302072,946686603.173896
1,-1.272450,946686603.177169
1,-1.263151,946686603.180594
1,-1.236716,946686603.184006
1,-1.218252,946686603.187414
1,-1.208820,946686603.190834
1,-1.187566,946686603.194247
1,-1.172024,946686603.197661
1,-1.171759,946686603.201085
1,-1.153427,946686603.204489
1,-1.144527,946686603.207944
1,-1.139214,946686603.211358
1,-1.127125,946686603.214779
1,-1.120882,946686603.218201
1,-1.111318,946686603.221481
1,-1.094182,946686603.224755
1,-1.099894,946686603.228088
1,-1.078773,946686603.231506
1,-1.079702,946686603.234917
1,-1.074787,946686603.238376
1,-1.061371,946686603.241790
1,-1.065755,946686603.245194
1,-1.048353,946686603.248619
0,-1.041445,946686603.252058
0,-1.048353,946686603.255470
0,-1.032279,946686603.258863
0,-1.017003,946686603.262142
0,-1.024575,946686603.265415
0,-1.017003,946686603.268780
0,-0.997476,946686603.272193
0,-1.003852,946686603.275599
0,-0.989373,946686603.279026
0,-1.010494,946686603.282440
0,-1.031482,946686603.285854
0,-1.046227,946686603.289275
0,-1.070537,946686603.292693
0,-1.087540,946686603.296105
0,-1.108927,946686603.299527
0,-1.130446,946686603.302934
0,-1.145191,946686603.306345
0,-1.176010,946686603.309703
0,-1.186371,946686603.312983
0,-1.210680,946686603.316259
0,-1.227019,946686603.319653
0,-1.250000,946686603.323066
0,-1.271387,946686603.326478
0,-1.282147,946686603.329900
0,-1.312699,946686603.333311
0,-1.359591,946686603.336722
0,-1.350159,946686603.340147
0,-1.369155,946686603.343557
0,-1.383103,946686603.346969
0,-1.405154,946686603.350297
0,-1.427338,946686603.353573
0,-1.442880,946686603.356853
0,-1.465728,946686603.360231
0,-1.485388,946686603.363639
1,-1.529623,946686603.367064
1,-1.521918,946686603.370521
1,-1.541047,946686603.373926
1,-1.556323,946686603.377334
1,-1.589001,946686603.380787
1,-1.591126,946686603.384197
1,-1.604942,946686603.387608
1,-1.595776,946686603.391029
1,-1.526302,946686603.394441
1,-1.492561,946686603.397901
1,-1.446467,946686603.401185
1,-1.417375,946686603.404459
1,-1.387088,946686603.407726
1,-1.367163,946686603.411194
1,-1.339134,946686603.414605
1,-1.314293,946686603.418071
1,-1.296360,946686603.421477
1,-1.272848,946686603.424889
1,-1.268863,946686603.428349
1,-1.248672,946686603.431757
1,-1.218119,946686603.435168
1,-1.226621,946686603.438568
1,-1.205367,946686603.441847
1,-1.189426,946686603.445122
1,-1.195138,946686603.448424
1,-1.169899,946686603.451833
1,-1.165515,946686603.455243
1,-1.169633,946686603.458665
1,-1.138284,946686603.462072
1,-1.142003,946686603.465485
1,-1.133634,946686603.468899
1,-1.124203,946686603.472312
1,-1.122476,946686603.475719
1,-1.110122,946686603.479136
1,-1.098698,946686603.482547
1,-1.093783,946686603.485959
1,-1.093518,946686603.489366
1,-1.083688,946686603.492641
0,-1.074389,946686603.495947
0,-1.078108,946686603.499280
0,-1.060707,946686603.502690
0,-1.059777,946686603.506100
0,-1.020590,946686603.509523
0,-1.037991,946686603.512932
0,-1.036796,946686603.516339
0,-1.036663,946686603.519760
0,-1.053799,946686603.523169
0,-1.042906,946686603.526589
0,-1.067481,946686603.530007
0,-1.074787,946686603.533414
0,-1.117030,946686603.536828
0,-1.124867,946686603.540254
0,-1.142003,946686603.543528
0,-1.174150,946686603.546805
0,-1.183581,946686603.550182
0,-1.209219,946686603.553594
0,-1.229809,946686603.557008
0,-1.250266,946686603.560430
0,-1.269129,946686603.563842
0,-1.293438,946686603.567248
0,-1.312035,946686603.570656
0,-1.332094,946686603.574070
0,-1.354145,946686603.577479
0,-1.373273,946686603.580897
0,-1.390276,946686603.584307
0,-1.417109,946686603.587725
0,-1.433581,946686603.591050
0,-1.453773,946686603.594321
0,-1.469846,946686603.597595
0,-1.489639,946686603.601037
0,-1.515409,946686603.604457
1,-1.527365,946686603.607929
1,-1.552072,946686603.611345
1,-1.570404,946686603.614755
1,-1.587806,946686603.618181
1,-1.614639,946686603.621595
1,-1.635361,946686603.625000
1,-1.600691,946686603.628419
1,-1.600691,946686603.631825
1,-1.556722,946686603.635242
1,-1.526169,946686603.638644
1,-1.486583,946686603.641923
1,-1.452843,946686603.645196
1,-1.397051,946686603.648548
1,-1.392535,946686603.651963
1,-1.373937,946686603.655373
1,-1.346307,946686603.658796
1,-1.324920,946686603.662199
1,-1.306722,946686603.665616
1,-1.277763,946686603.669039
1,-1.276700,946686603.672447
1,-1.224761,946686603.675859
1,-1.231934,946686603.679234
1,-1.232864,946686603.682514
1,-1.209219,946686603.685791
1,-1.200452,946686603.689147
1,-1.188762,946686603.692557
1,-1.173087,946686603.695974
1,-1.123273,946686603.699443
1,-1.145457,946686603.702853
1,-1.128587,946686603.706264
1,-1.115701,946686603.709686
1,-1.104676,946686603.713103
1,-1.090329,946686603.716516
1,-1.074920,946686603.719931
1,-1.058581,946686603.723343
1,-1.043571,946686603.726759
1,-1.031217,946686603.730091
1,-1.016472,946686603.733368
0,-1.003321,946686603.736671
0,-0.986052,946686603.740087
0,-0.973964,946686603.743505
0,-0.964665,946686603.746917
0,-0.952179,946686603.750335
0,-0.941684,946686603.753747
0,-0.929463,946686603.757168
0,-0.885893,946686603.760590
0,-0.904888,946686603.764002
0,-0.921360,946686603.767413
0,-0.929862,946686603.770837
0,-0.985786,946686603.774254
0,-0.975425,946686603.777666
0,-0.976488,946686603.780960
0,-0.999734,946686603.784237
0,-1.029224,946686603.787514
0,-1.036397,946686603.790975
0,-1.058448,946686603.794380
0,-1.083555,946686603.797785
0,-1.092588,946686603.801249
0,-1.112248,946686603.804663
0,-1.132040,946686603.808123
0,-1.150505,946686603.811532
0,-1.177869,946686603.814937
0,-1.187168,946686603.818355
0,-1.210016,946686603.821771
0,-1.228082,946686603.825174
0,-1.242163,946686603.828570
0,-1.262088,946686603.831844
0,-1.272450,946686603.835120
0,-1.292242,946686603.838535
0,-1.315489,946686603.841937
0,-1.326647,946686603.845332
0,-1.358262,946686603.848771
0,-1.365436,946686603.852169
1,-1.389612,946686603.855573
1,-1.412062,946686603.859013
1,-1.419899,946686603.862402
1,-1.448725,946686603.865791
1,-1.494554,946686603.869215
1,-1.475956,946686603.872573
1,-1.480739,946686603.875931
1,-1.433183,946686603.879756
1,-1.390940,946686603.883263
1,-1.353879,946686603.886656
1,-1.299283,946686603.890106
1,-1.272184,946686603.893496
1,-1.241366,946686603.896883
1,-1.202976,946686603.900324
1,-1.175611,946686603.903707
1,-1.142402,946686603.907098
1,-1.125930,946686603.910527
1,-1.099628,946686603.913925
1,-1.062566,946686603.917312
1,-1.049681,946686603.920747
1,-1.022715,946686603.924137
1,-1.001328,946686603.927525
1,-0.974230,946686603.930962
1,-0.956429,946686603.934348
1,-0.925213,946686603.937737
1,-0.912593,946686603.941182
1,-0.880313,946686603.944575
1,-0.856668,946686603.948011
1,-0.829437,946686603.951396
1,-0.799814,946686603.954791
1,-0.786663,946686603.958186
1,-0.757306,946686603.961580
1,-0.736318,946686603.964965
1,-0.712141,946686603.968401
1,-0.680925,946686603.972063
0,-0.655021,946686603.975500
0,-0.635494,946686603.978908
0,-0.594979,946686603.982314
0,-0.581961,946686603.985723
0,-0.548353,946686603.989136
0,-0.521121,946686603.992548
0,-0.499469,946686603.995977
0,-0.469713,946686603.999432
0,-0.438231,946686604.003033
0,-0.448061,946686604.006436
0,-0.441552,946686604.009812
0,-0.441552,946686604.013078
0,-0.449123,946686604.016343
0,-0.439692,946686604.019858
0,-0.435840,946686604.023262
0,-0.435574,946686604.026664
0,-0.429596,946686604.030107
0,-0.436238,946686604.033505
0,-0.441286,946686604.036910
0,-0.436105,946686604.040363
0,-0.445802,946686604.043769
0,-0.434777,946686604.047166
0,-0.437832,946686604.050575
0,-0.437832,946686604.053982
0,-0.433183,946686604.057382
0,-0.441817,946686604.060681
0,-0.433581,946686604.063945
0,-0.433050,946686604.067214
0,-0.475956,946686604.070594
0,-0.433714,946686604.073994
0,-0.443544,946686604.077392
0,-0.449123,946686604.080810
0,-0.447662,946686604.084218
0,-0.456164,946686604.087620
0,-0.458688,946686604.091035
0,-0.460282,946686604.094435
0,-0.462540,946686604.097837
0,-0.468385,946686604.101309
0,-0.471971,946686604.104706
0,-0.478879,946686604.108146
0,-0.490037,946686604.111417
0,-0.481536,946686604.114680
0,-0.497476,946686604.118014
1,-0.511424,946686604.121432
1,-0.505446,946686604.124841
1,-0.519926,946686604.128250
1,-0.532279,946686604.131651
1,-0.529888,946686604.135052
1,-0.554330,946686604.138462
1,-0.537991,946686604.141865
1,-0.495882,946686604.145263
1,-0.443146,946686604.148659
1,-0.402365,946686604.151932
1,-0.352949,946686604.155200
1,-0.317747,946686604.158538
1,-0.278693,946686604.161943
0,-0.243092,946686604.165367
0,-0.217853,946686604.168770
0,-0.178799,946686604.172165
0,-0.156482,946686604.175558
0,-0.102152,946686604.179002
0,-0.115436,946686604.182394
0,-0.095909,946686604.185785
0,-0.087274,946686604.189218
0,-0.100159,946686604.192613
0,-0.094182,946686604.196007
0,-0.114240,946686604.199389
0,-0.122476,946686604.202650
0,-0.153029,946686604.205908
0,-0.167774,946686604.209260
0,-0.176010,946686604.212651
0,-0.209883,946686604.216045
0,-0.214400,946686604.219446
0,-0.235521,946686604.222839
0,-0.268863,946686604.226243
0,-0.279888,946686604.229684
0,-0.306722,946686604.233088
0,-0.329968,946686604.236492
0,-0.373804,946686604.239913
0,-0.368624,946686604.243311
0,-0.382837,946686604.246712
0,-0.394129,946686604.250042
0,-0.424947,946686604.253308
0,-0.442216,946686604.256579
0,-0.458688,946686604.259943
0,-0.486982,946686604.263350
0,-0.491631,946686604.266754
0,-0.527630,946686604.270169
0,-0.547290,946686604.273573
0,-0.563895,946686604.276975
0,-0.584219,946686604.280389
0,-0.604676,946686604.283793
0,-0.623539,946686604.287201
0,-0.644261,946686604.290616
0,-0.664718,946686604.294015
0,-0.686371,946686604.297418
0,-0.701647,946686604.300726
0,-0.723565,946686604.303995
0,-0.740967,946686604.307267
0,-0.761823,946686604.310658
0,-0.777896,946686604.314056
0,-0.805128,946686604.317463
0,-0.818278,946686604.320878
0,-0.837673,946686604.324282
0,-0.856536,946686604.327685
0,-0.879516,946686604.331093
0,-0.895191,946686604.334503
0,-0.913257,946686604.337970
0,-0.937434,946686604.341373
0,-0.949655,946686604.344776
1,-0.975027,946686604.348209
1,-0.990834,946686604.351477
1,-1.008634,946686604.354748
1,-1.022317,946686604.358072
1,-1.048353,946686604.361472
1,-1.068943,946686604.364882
1,-1.068278,946686604.368329
1,-1.031615,946686604.371730
1,-0.991631,946686604.375133
1,-0.945802,946686604.378583
1,-0.914851,946686604.381988
1,-0.860786,946686604.385387
1,-0.833023,946686604.388774
1,-0.805260,946686604.392039
1,-0.763151,946686604.395312
1,-0.751993,946686604.398633
1,-0.715861,946686604.402042
1,-0.696732,946686604.405443
1,-0.673884,946686604.408864
1,-0.651036,946686604.412271
1,-0.640011,946686604.415672
1,-0.613310,946686604.419083
1,-0.588470,946686604.422490
1,-0.582891,946686604.425900
1,-0.554198,946686604.429317
0,-0.542375,946686604.432746
0,-0.528959,946686604.436147
0,-0.506908,946686604.439505
0,-0.491897,946686604.442777
0,-0.470510,946686604.446044
0,-0.458688,946686604.449428
0,-0.453241,946686604.452834
0,-0.426939,946686604.456238
0,-0.413124,946686604.459681
0,-0.428666,946686604.463087
0,-0.435972,946686604.466491
0,-0.450053,946686604.469904
0,-0.508634,946686604.473311
0,-0.471041,946686604.476712
0,-0.490834,946686604.480043
0,-0.543172,946686604.483312
0,-0.519261,946686604.486583
0,-0.527232,946686604.489947
0,-0.547423,946686604.493349
0,-0.554330,946686604.496852
0,-0.571599,946686604.500306
0,-0.573326,946686604.503714
0,-0.601355,946686604.507116
0,-0.601621,946686604.510558
0,-0.614904,946686604.513961
0,-0.625266,946686604.517367
0,-0.639081,946686604.520784
0,-0.655021,946686604.524182
0,-0.668571,946686604.527586
0,-0.678268,946686604.530871
0,-0.688629,946686604.534140
0,-0.703640,946686604.537405
0,-0.712407,946686604.540837
0,-0.719580,946686604.544237
0,-0.738709,946686604.547645
0,-0.746679,946686604.551064
0,-0.761823,946686604.554471
0,-0.771254,946686604.557923
0,-0.783342,946686604.561328
0,-0.791180,946686604.564732
0,-0.813895,946686604.568143
0,-0.820404,946686604.571545
0,-0.835016,946686604.574942
0,-0.849230,946686604.578345
0,-0.854942,946686604.581616
0,-0.866631,946686604.584881
1,-0.883103,946686604.588208
1,-0.892933,946686604.591612
1,-0.908608,946686604.595017
1,-0.916844,946686604.598431
1,-0.939160,946686604.601834
1,-0.944740,946686604.605239
1,-0.941153,946686604.608650
1,-0.902099,946686604.612058
1,-0.850159,946686604.615462
1,-0.808847,946686604.618872
1,-0.758236,946686604.622276
1,-0.719979,946686604.625678
1,-0.683847,946686604.629059
1,-0.645723,946686604.632324
1,-0.580898,946686604.635596
1,-0.583422,946686604.638908
1,-0.551939,946686604.642315
1,-0.531350,946686604.645719
1,-0.476355,946686604.649132
1,-0.478480,946686604.652533
1,-0.464532,946686604.655937
1,-0.439957,946686604.659344
0,-0.425877,946686604.662771
0,-0.410600,946686604.666168
0,-0.380181,946686604.669577
0,-0.369288,946686604.672981
0,-0.353082,946686604.676384
0,-0.342986,946686604.679719
0,-0.315489,946686604.682981
0,-0.272582,946686604.686247
0,-0.293438,946686604.689588
0,-0.297821,946686604.692990
0,-0.320935,946686604.696390
0,-0.321998,946686604.699793
0,-0.363443,946686604.703200
0,-0.356536,946686604.706601
0,-0.371413,946686604.710009
0,-0.395988,946686604.713409
0,-0.393996,946686604.716813
0,-0.415914,946686604.720219
0,-0.437832,946686604.723620
0,-0.439426,946686604.727019
0,-0.462806,946686604.730341
0,-0.468650,946686604.733617
0,-0.490170,946686604.736886
0,-0.511291,946686604.740324
0,-0.543039,946686604.743732
0,-0.534671,946686604.747130
0,-0.552338,946686604.750547
0,-0.560574,946686604.753948
0,-0.610919,946686604.757348
0,-0.582758,946686604.760791
0,-0.601488,946686604.764184
0,-0.619819,946686604.767595
0,-0.620351,946686604.770881
0,-0.655685,946686604.774152
0,-0.680128,946686604.777418
0,-0.667508,946686604.780827
0,-0.688629,946686604.784230
0,-0.690489,946686604.787631
0,-0.718119,946686604.791041
0,-0.726222,946686604.794442
0,-0.730340,946686604.797891
0,-0.754384,946686604.801298
0,-0.759166,946686604.804699
0,-0.781350,946686604.808145
0,-0.791047,946686604.811555
0,-0.799947,946686604.814955
0,-0.818278,946686604.818357
0,-0.829702,946686604.821630
0,-0.836477,946686604.824899
1,-0.855871,946686604.828209
1,-0.856137,946686604.831617
1,-0.878188,946686604.835020
1,-0.892003,946686604.838433
1,-0.903826,946686604.841842
1,-0.909538,946686604.845245
1,-0.909936,946686604.848658
1,-0.859060,946686604.852061
1,-0.813762,946686604.855459
1,-0.768863,946686604.858877
1,-0.717588,946686604.862281
1,-0.683581,946686604.865685
1,-0.638018,946686604.869061
1,-0.593385,946686604.872329
1,-0.560972,946686604.875600
1,-0.531615,946686604.878907
1,-0.494687,946686604.882302
1,-0.473167,946686604.885693
1,-0.410999,946686604.889290
1,-0.403693,946686604.892743
1,-0.390675,946686604.896117
1,-0.367960,946686604.899568
0,-0.348034,946686604.903007
0,-0.327710,946686604.906420
0,-0.297689,946686604.909912
0,-0.278294,946686604.913343
0,-0.262221,946686604.916756
0,-0.236716,946686604.920165
0,-0.221174,946686604.923564
0,-0.198990,946686604.926966
0,-0.171360,946686604.930375
0,-0.195138,946686604.933760
0,-0.207226,946686604.937158
0,-0.214400,946686604.940464
0,-0.239904,946686604.943743
0,-0.229676,946686604.947006
0,-0.251063,946686604.950286
0,-0.262221,946686604.953557
0,-0.267667,946686604.956833
0,-0.285335,946686604.960143
0,-0.300877,946686604.963414
0,-0.302205,946686604.966681
0,-0.315489,946686604.970111
0,-0.329570,946686604.973493
0,-0.344315,946686604.976761
0,-0.349894,946686604.980145
0,-0.361318,946686604.983529
0,-0.378985,946686604.986918
0,-0.388018,946686604.990322
0,-0.400239,946686604.993709
0,-0.414320,946686604.997098
0,-0.414054,946686605.000441
0,-0.434910,946686605.003770
0,-0.445271,946686605.007044
0,-0.455234,946686605.010355
0,-0.471706,946686605.013629
0,-0.510096,946686605.016901
0,-0.486583,946686605.020337
0,-0.503587,946686605.023609
0,-0.511424,946686605.027250
0,-0.525372,946686605.030669
0,-0.533608,946686605.034075
0,-0.550744,946686605.037484
0,-0.561238,946686605.040898
0,-0.572264,946686605.044305
0,-0.584086,946686605.047708
0,-0.590462,946686605.051115
0,-0.598565,946686605.054518
0,-0.616764,946686605.057995
0,-0.626993,946686605.061265
0,-0.636424,946686605.064542
0,-0.645855,946686605.067818
0,-0.654357,946686605.071271
1,-0.661796,946686605.074558
1,-0.678268,946686605.077821
1,-0.689825,946686605.081405
1,-0.700983,946686605.084813
1,-0.711477,946686605.088230
1,-0.725159,946686605.091635
1,-0.708555,946686605.095043
1,-0.669766,946686605.098462
1,-0.614772,946686605.101873
1,-0.566950,946686605.105289
1,-0.522715,946686605.108670
1,-0.483262,946686605.111945
1,-0.439160,946686605.115212
1,-0.400770,946686605.118562
1,-0.357731,946686605.121967
1,-0.326514,946686605.125377
1,-0.291445,946686605.128791
0,-0.263284,946686605.132228
0,-0.235521,946686605.135637
0,-0.208953,946686605.139046
0,-0.182519,946686605.142448
0,-0.157678,946686605.145850
0,-0.131509,946686605.149223
0,-0.116100,946686605.152490
0,-0.087274,946686605.155756
0,-0.057386,946686605.159132
0,-0.082359,946686605.162532
0,-0.083422,946686605.165938
0,-0.088868,946686605.169337
0,-0.113443,946686605.172732
0,-0.107465,946686605.176136
0,-0.131509,946686605.179552
0,-0.141073,946686605.182952
0,-0.143863,946686605.186351
0,-0.154490,946686605.189764
0,-0.203108,946686605.193162
0,-0.171227,946686605.196564
0,-0.185574,946686605.199895
0,-0.192614,946686605.203160
0,-0.202179,946686605.206422
0,-0.221440,946686605.209773
0,-0.220510,946686605.213173
0,-0.236849,946686605.216576
0,-0.252125,946686605.219998
0,-0.251063,946686605.223403
0,-0.266206,946686605.226819
0,-0.306057,946686605.230230
0,-0.283475,946686605.233640
0,-0.295696,946686605.237047
0,-0.303002,946686605.240459
0,-0.313762,946686605.243880
0,-0.323990,946686605.247287
0,-0.321334,946686605.250640
0,-0.306854,946686605.253915
0,-0.345244,946686605.257193
0,-0.350292,946686605.260592
0,-0.364506,946686605.264005
0,-0.367295,946686605.267415
0,-0.378454,946686605.270838
0,-0.387487,946686605.274252
0,-0.394394,946686605.277659
0,-0.399176,946686605.281076
0,-0.415117,946686605.284486
0,-0.416844,946686605.287951
0,-0.427205,946686605.291363
0,-0.436902,946686605.294774
0,-0.437168,946686605.298194
0,-0.445670,946686605.301472
0,-0.453773,946686605.304751
0,-0.463470,946686605.308081
1,-0.469182,946686605.311508
1,-0.477949,946686605.314922
1,-0.482333,946686605.318345
1,-0.491233,946686605.321760
1,-0.491366,946686605.325165
1,-0.507837,946686605.328594
1,-0.491100,946686605.332001
1,-0.450319,946686605.335412
1,-0.385893,946686605.338803
1,-0.336211,946686605.342084
1,-0.291047,946686605.345360
0,-0.237779,946686605.348662
0,-0.193278,946686605.352067
0,-0.151036,946686605.355468
0,-0.100691,946686605.358880
0,-0.073459,946686605.362324
0,-0.003852,946686605.365767
0,-0.007040,946686605.369252
0,0.034803,946686605.372697
0,0.051939,946686605.376135
0,0.034139,946686605.379581
0,0.029888,946686605.383024
0,0.031084,946686605.386467
0,0.009830,946686605.389882
0,0.013948,946686605.393193
0,0.002922,946686605.396499
0,-0.002125,946686605.399937
0,-0.010760,946686605.403380
0,-0.027763,946686605.406820
0,-0.027763,946686605.410259
0,-0.039984,946686605.413706
0,-0.045298,946686605.417146
0,-0.058581,946686605.420602
0,-0.072529,946686605.424041
0,-0.073990,946686605.427480
0,-0.090462,946686605.430765
0,-0.094580,946686605.434023
0,-0.098167,946686605.437283
0,-0.110654,946686605.440671
0,-0.116100,946686605.444073
0,-0.123539,946686605.447472
0,-0.141206,946686605.450884
0,-0.138417,946686605.454400
0,-0.154490,946686605.457803
0,-0.167774,946686605.461262
0,-0.171626,946686605.464660
0,-0.187434,946686605.468110
0,-0.192349,946686605.471508
0,-0.203640,946686605.474909
0,-0.214532,946686605.478343
0,-0.222901,946686605.481607
0,-0.234724,946686605.484868
1,-0.245749,946686605.488197
1,-0.246148,946686605.491610
1,-0.265143,946686605.495020
1,-0.267269,946686605.498441
1,-0.272981,946686605.501852
1,-0.285866,946686605.505268
1,-0.275239,946686605.508690
0,-0.204702,946686605.512090
0,-0.173353,946686605.515493
0,-0.133634,946686605.518896
0,-0.082226,946686605.522295
0,-0.031615,946686605.525735
0,0.010361,946686605.529128
0,0.043039,946686605.532429
0,0.083688,946686605.535681
0,0.070537,946686605.539072
0,0.054065,946686605.542519
0,0.054330,946686605.545960
0,0.029091,946686605.549450
0,0.031748,946686605.552896
0,0.026567,946686605.556334
0,0.009697,946686605.559781
0,0.006376,946686605.563219
0,-0.012620,946686605.566663
0,-0.024442,946686605.570148
0,-0.030818,946686605.573592
0,-0.039851,946686605.577035
0,-0.052869,946686605.580390
0,-0.057651,946686605.583702
0,-0.080632,946686605.586964
0,-0.079171,946686605.590410
0,-0.089267,946686605.593805
0,-0.107465,946686605.597203
0,-0.109325,946686605.600623
0,-0.125399,946686605.604020
0,-0.132572,946686605.607420
0,-0.141605,946686605.610829
0,-0.154357,946686605.614235
0,-0.168836,946686605.617636
0,-0.174150,946686605.621049
0,-0.194075,946686605.624449
0,-0.189028,946686605.627895
0,-0.209750,946686605.631166
0,-0.221041,946686605.634420
0,-0.227949,946686605.637677
1,-0.244155,946686605.641119
1,-0.254782,946686605.644528
1,-0.263151,946686605.648002
1,-0.276302,946686605.651414
1,-0.283608,946686605.654826
1,-0.302471,946686605.658247
0,-0.288257,946686605.661687
0,-0.246812,946686605.665094
0,-0.196201,946686605.668543
0,-0.146918,946686605.671940
0,-0.093385,946686605.675345
0,-0.058847,946686605.678802
0,-0.064293,946686605.682111
0,-0.040914,946686605.685415
0,-0.053533,946686605.688803
0,-0.050877,946686605.692249
0,-0.079570,946686605.695689
0,-0.080632,946686605.699096
0,-0.092588,946686605.702498
0,-0.095909,946686605.705897
0,-0.111716,946686605.709315
0,-0.128454,946686605.712716
0,-0.133103,946686605.716115
0,-0.150638,946686605.719527
0,-0.153826,946686605.722930
0,-0.165117,946686605.726329
0,-0.171892,946686605.729673
0,-0.187832,946686605.732937
0,-0.194474,946686605.736196
0,-0.207758,946686605.739539
0,-0.217056,946686605.742936
0,-0.228613,946686605.746335
0,-0.237779,946686605.749742
0,-0.245882,946686605.753149
0,-0.255181,946686605.756560
0,-0.265675,946686605.759975
0,-0.279091,946686605.763380
0,-0.282944,946686605.766790
0,-0.295829,946686605.770215
0,-0.337806,946686605.773623
0,-0.313629,946686605.777035
0,-0.328507,946686605.780354
0,-0.336477,946686605.783631
0,-0.348565,946686605.786904
0,-0.357598,946686605.790334
0,-0.360388,946686605.793743
0,-0.378985,946686605.797152
0,-0.379915,946686605.800575
0,-0.394660,946686605.803981
0,-0.410600,946686605.807392
0,-0.412460,946686605.810812
0,-0.431589,946686605.814219
0,-0.435175,946686605.817630
0,-0.443810,946686605.820922
0,-0.456429,946686605.824201
0,-0.467853,946686605.827469
0,-0.479410,946686605.830880
0,-0.481668,946686605.834286
1,-0.501328,946686605.837708
1,-0.503587,946686605.841233
1,-0.522317,946686605.844643
1,-0.532147,946686605.848107
1,-0.540515,946686605.851516
1,-0.550213,946686605.854923
1,-0.543438,946686605.858346
1,-0.494288,946686605.861755
1,-0.408209,946686605.865175
1,-0.398778,946686605.868580
1,-0.339001,946686605.871854
1,-0.304862,946686605.875132
1,-0.265808,946686605.878480
0,-0.220776,946686605.882196
0,-0.175345,946686605.885592
0,-0.141472,946686605.889189
0,-0.109192,946686605.892935
0,-0.078241,946686605.896250
0,-0.045829,946686605.900052
0,-0.020324,946686605.903497
0,0.004516,946686605.906978
0,0.025106,946686605.910481
0,0.001594,946686605.913961
0,-0.002657,946686605.917424
0,-0.018597,946686605.920906
0,-0.025239,946686605.924354
0,-0.034538,946686605.927805
0,-0.047821,946686605.931321
0,-0.058581,946686605.934788
0,-0.061504,946686605.938397
0,-0.075053,946686605.942031
0,-0.079835,946686605.945541
0,-0.097104,946686605.948991
0,-0.107598,946686605.952387
0,-0.112779,946686605.955784
0,-0.121281,946686605.959180
0,-0.125399,946686605.962436
0,-0.130712,946686605.965697
0,-0.148114,946686605.969032
0,-0.149841,946686605.972418
0,-0.162726,946686605.975797
0,-0.204038,946686605.979221
0,-0.178002,946686605.982601
0,-0.185840,946686605.985979
0,-0.194208,946686605.989743
0,-0.208688,946686605.993111
0,-0.211876,946686605.996477
0,-0.227019,946686606.000124
0,-0.231137,946686606.003547
1,-0.244288,946686606.006974
1,-0.249469,946686606.010293
1,-0.255712,946686606.013566
1,-0.267402,946686606.016840
1,-0.269129,946686606.020224
1,-0.283342,946686606.023628
1,-0.286265,946686606.027029
0,-0.208156,946686606.030438
0,-0.184113,946686606.033833
0,-0.106004,946686606.037238
0,-0.081296,946686606.040642
0,-0.035202,946686606.044075
0,-0.002790,946686606.047513
0,0.039851,946686606.051017
0,0.067216,946686606.054453
0,0.049283,946686606.057938
0,0.048220,946686606.061238
0,0.042375,946686606.064535
0,0.020988,946686606.067839
0,0.018066,946686606.071336
0,0.008502,946686606.074772
0,0.004516,946686606.078221
0,-0.005845,946686606.081665
0,-0.018464,946686606.085101
0,-0.023379,946686606.088587
0,-0.034405,946686606.092028
0,-0.045165,946686606.095462
0,-0.045563,946686606.098884
0,-0.053268,946686606.102187
0,-0.068544,946686606.105489
0,-0.073061,946686606.108860
0,-0.071334,946686606.112303
0,-0.078108,946686606.115741
0,-0.088337,946686606.119134
0,-0.096440,946686606.122530
0,-0.101621,946686606.125922
0,-0.106270,946686606.129340
0,-0.108927,946686606.132737
0,-0.117694,946686606.136133
0,-0.121945,946686606.139535
0,-0.128321,946686606.142931
0,-0.133767,946686606.146329
0,-0.132970,946686606.149667
0,-0.147051,946686606.152929
0,-0.146121,946686606.156185
0,-0.157412,946686606.159530
0,-0.156615,946686606.162923
0,-0.156482,946686606.166318
0,-0.161796,946686606.169724
0,-0.164320,946686606.173120
0,-0.165914,946686606.176518
0,-0.174681,946686606.179920
0,-0.172423,946686606.183317
0,-0.176674,946686606.186714
0,-0.182917,946686606.190120
0,-0.179995,946686606.193512
0,-0.183847,946686606.196911
0,-0.191684,946686606.200255
0,-0.185175,946686606.203516
0,-0.189426,946686606.206778
0,-0.190755,946686606.210144
0,-0.197928,946686606.213542
0,-0.198592,946686606.216940
0,-0.200452,946686606.220356
0,-0.201116,946686606.223755
0,-0.201514,946686606.227146
0,-0.205499,946686606.230549
0,-0.209617,946686606.233946
0,-0.212009,946686606.237339
0,-0.213337,946686606.240771
0,-0.209617,946686606.244165
0,-0.215728,946686606.247558
0,-0.216259,946686606.250837
0,-0.216923,946686606.254103
0,-0.217588,946686606.257362
0,-0.223433,946686606.260805
0,-0.228348,946686606.264200
0,-0.217322,946686606.267601
0,-0.230473,946686606.271009
0,-0.226886,946686606.274398
0,-0.232333,946686606.277791
0,-0.234458,946686606.281237
0,-0.236185,946686606.284637
0,-0.235122,946686606.288081
1,-0.240170,946686606.291499
1,-0.244952,946686606.294899
1,-0.240037,946686606.298519
1,-0.246945,946686606.301894
1,-0.243092,946686606.305240
1,-0.245218,946686606.309560
0,-0.219447,946686606.312967
0,-0.137221,946686606.316365
0,-0.102683,946686606.319770
0,-0.043172,946686606.323216
0,0.015675,946686606.326652
0,0.063098,946686606.330143
0,0.111318,946686606.333528
0,0.109325,946686606.336921
0,0.111185,946686606.340225
0,0.124469,946686606.343476
0,0.109458,946686606.346727
0,0.115170,946686606.350028
0,0.115037,946686606.353283
0,0.113576,946686606.356533
0,0.114240,946686606.360336
0,0.115834,946686606.363591
0,0.111849,946686606.366843
0,0.114904,946686606.370244
0,0.116366,946686606.373632
0,0.106801,946686606.377024
0,0.109591,946686606.380425
0,0.110122,946686606.383819
0,0.112513,946686606.387207
0,0.111849,946686606.390495
0,0.107997,946686606.393750
0,0.111185,946686606.397000
0,0.110786,946686606.400371
0,0.111052,946686606.403762
0,0.107067,946686606.407153
0,0.105207,946686606.411011
0,0.101753,946686606.414399
0,0.101621,946686606.417784
0,0.105871,946686606.421342
0,0.101488,946686606.424943
0,0.097901,946686606.428351
0,0.095112,946686606.431741
0,0.096440,946686606.435125
0,0.095244,946686606.438569
0,0.092986,946686606.441959
0,0.092588,946686606.445339
0,0.096041,946686606.448817
0,0.091525,946686606.452211
0,0.089665,946686606.455592
0,0.088470,946686606.458976
0,0.088735,946686606.462225
0,0.086876,946686606.465473
0,0.084883,946686606.468869
0,0.085016,946686606.472118
0,0.085547,946686606.475365
0,0.086610,946686606.478682
0,0.081031,946686606.482071
0,0.081562,946686606.485452
0,0.082758,946686606.488849
0,0.083422,946686606.492237
0,0.079968,946686606.495671
0,0.081961,946686606.499072
0,0.080367,946686606.502460
0,0.077179,946686606.505890
0,0.077179,946686606.509339
0,0.073990,946686606.512771
0,0.075452,946686606.516213
0,0.071334,946686606.519697
0,0.074655,946686606.523132
0,0.071998,946686606.526564
0,0.071599,946686606.529938
0,0.069075,946686606.533238
0,0.071334,946686606.536535
0,0.070537,946686606.539956
0,0.066153,946686606.543388
0,0.071599,946686606.546828
0,0.069474,946686606.550269
0,0.068278,946686606.553705
0,0.067216,946686606.557136
0,0.068810,946686606.560586
0,0.066419,946686606.564022
0,0.067614,946686606.567458
0,0.070935,946686606.570902
0,0.066153,946686606.574339
0,0.070404,946686606.577781
0,0.071732,946686606.581132
0,0.068943,946686606.584429
0,0.070670,946686606.587731
0,0.069341,946686606.591234
0,0.073858,946686606.594670
0,0.075850,946686606.598161
0,0.075319,946686606.601594
0,0.075053,946686606.605030
0,0.075053,946686606.608482
0,0.078905,946686606.611918
0,0.079570,946686606.615354
0,0.080898,946686606.618769
0,0.083820,946686606.622019
0,0.086477,946686606.625273
0,0.086477,946686606.628585
0,0.091259,946686606.631972
0,0.093783,946686606.635363
0,0.095112,946686606.638771
0,0.095909,946686606.642161
0,0.097768,946686606.645547
0,0.102418,946686606.648981
0,0.101753,946686606.652364
0,0.106137,946686606.655750
0,0.108130,946686606.659178
0,0.110919,946686606.662563
0,0.108528,946686606.665949
0,0.113974,946686606.669289
0,0.112779,946686606.672540
0,0.117428,946686606.675792
0,0.116498,946686606.679097
0,0.120351,946686606.682484
0,0.125000,946686606.685874
0,0.120218,946686606.689269
0,0.126727,946686606.692656
0,0.125000,946686606.696042
0,0.127258,946686606.699445
0,0.128719,946686606.702829
0,0.130978,946686606.706216
0,0.131111,946686606.709652
0,0.130181,946686606.713041
0,0.132173,946686606.716433
0,0.130579,946686606.719791
0,0.131111,946686606.723043
0,0.132970,946686606.726293
0,0.135494,946686606.729668
0,0.133236,946686606.733059
0,0.133236,946686606.736445
0,0.130048,946686606.739880
0,0.133767,946686606.743269
0,0.135893,946686606.746662
0,0.131908,946686606.750088
0,0.132837,946686606.753471
0,0.133502,946686606.756860
0,0.129782,946686606.760292
0,0.130446,946686606.763679
0,0.130845,946686606.767067
0,0.125930,946686606.770398
0,0.131376,946686606.773646
0,0.128852,946686606.776906
0,0.128587,946686606.780311
0,0.125531,946686606.783700
0,0.128719,946686606.787092
0,0.125930,946686606.790530
0,0.125000,946686606.793925
0,0.123672,946686606.797315
0,0.123937,946686606.800749
0,0.122609,946686606.804135
0,0.123007,946686606.807526
0,0.122343,946686606.810835
0,0.120085,946686606.814081
0,0.115170,946686606.817329
0,0.119421,946686606.820764
0,0.115436,946686606.824152
0,0.117163,946686606.827536
0,0.111982,946686606.830843
0,0.117295,946686606.834097
0,0.113576,946686606.837352
0,0.111185,946686606.840830
0,0.111982,946686606.844218
0,0.111849,946686606.847608
0,0.112115,946686606.850878
0,0.109724,946686606.854133
0,0.110521,946686606.857388
0,0.111849,946686606.860803
0,0.108794,946686606.864190
0,0.110919,946686606.867578
0,0.108661,946686606.871407
0,0.110122,946686606.874801
0,0.107465,946686606.878196
0,0.104942,946686606.882143
0,0.108130,946686606.885544
0,0.106137,946686606.888991
0,0.110255,946686606.892383
0,0.107598,946686606.895776
0,0.106137,946686606.899167
0,0.106403,946686606.902429
0,0.107333,946686606.905687
0,0.108262,946686606.909023
0,0.103613,946686606.912413
0,0.105207,946686606.915915
0,0.108262,946686606.919322
0,0.107997,946686606.922714
0,0.106270,946686606.926107
0,0.108395,946686606.929515
0,0.104809,946686606.932912
0,0.109192,946686606.936304
0,0.109060,946686606.939707
0,0.110122,946686606.943103
0,0.107864,946686606.946496
0,0.109192,946686606.949826
0,0.106137,946686606.953090
0,0.109989,946686606.956351
0,0.113974,946686606.959697
0,0.112912,946686606.963078
0,0.113045,946686606.966455
0,0.112380,946686606.969861
0,0.114904,946686606.973213
0,0.117030,946686606.976561
0,0.117428,946686606.979942
0,0.116631,946686606.983310
0,0.117694,946686606.986681
0,0.121148,946686606.990067
0,0.119421,946686606.993444
0,0.121679,946686606.996809
0,0.123539,946686607.000110
0,0.125399,946686607.003421
0,0.125531,946686607.006677
0,0.127922,946686607.010077
0,0.127657,946686607.013465
0,0.129251,946686607.016850
0,0.130313,946686607.020305
0,0.132439,946686607.023697
0,0.132705,946686607.027079
0,0.133369,946686607.030516
0,0.137752,946686607.033904
0,0.140011,946686607.037293
0,0.138284,946686607.040734
0,0.139878,946686607.044124
0,0.139214,946686607.047508
0,0.142933,946686607.050814
0,0.146254,946686607.054063
0,0.147184,946686607.057317
0,0.143332,946686607.060743
0,0.146254,946686607.064137
0,0.147848,946686607.067526
0,0.149841,946686607.070963
0,0.150770,946686607.074342
0,0.155154,946686607.077724
0,0.151169,946686607.081165
0,0.154756,946686607.084552
0,0.155553,946686607.087997
0,0.156350,946686607.091248
0,0.159936,946686607.094495
0,0.158741,946686607.097744
0,0.159936,946686607.101196
0,0.160600,946686607.104584
0,0.159006,946686607.108028
0,0.164586,946686607.111419
0,0.163257,946686607.114810
0,0.162859,946686607.118214
0,0.167508,946686607.121602
0,0.167774,946686607.124986
0,0.169766,946686607.128377
0,0.167641,946686607.131639
0,0.168305,946686607.134892
0,0.203773,946686607.138172
0,0.170032,946686607.141561
0,0.170563,946686607.144948
0,0.169368,946686607.148349
0,0.172157,946686607.151732
0,0.170563,946686607.155116
0,0.175213,946686607.158553
0,0.171227,946686607.161939
0,0.173884,946686607.165329
0,0.173751,946686607.168767
0,0.175213,946686607.172154
0,0.172821,946686607.175540
0,0.175080,946686607.178943
0,0.175080,946686607.182195
0,0.174416,946686607.185445
0,0.176010,946686607.188776
0,0.176939,946686607.192168
0,0.177736,946686607.195561
0,0.176939,946686607.198994
0,0.175345,946686607.202382
0,0.172821,946686607.205770
0,0.173884,946686607.209209
0,0.172821,946686607.212597
0,0.176939,946686607.215985
0,0.174017,946686607.219382
0,0.176674,946686607.222640
0,0.172290,946686607.225897
0,0.173884,946686607.229240
0,0.172423,946686607.232628
0,0.172821,946686607.236019
0,0.173087,946686607.239449
0,0.172157,946686607.242836
0,0.172024,946686607.246224
0,0.168969,946686607.249660
0,0.167906,946686607.253046
0,0.203773,946686607.256439
0,0.168836,946686607.259873
0,0.167906,946686607.263259
0,0.169368,946686607.266652
0,0.167375,946686607.269998
0,0.166578,946686607.273256
0,0.167109,946686607.276507
0,0.167641,946686607.279889
0,0.163523,946686607.283277
0,0.164718,946686607.286666
0,0.165117,946686607.290098
0,0.163656,946686607.293487
0,0.165117,946686607.296874
0,0.164320,946686607.300310
0,0.162194,946686607.303701
0,0.167508,946686607.307083
0,0.164187,946686607.310415
0,0.162327,946686607.313665
0,0.163124,946686607.316920
0,0.162593,946686607.320325
0,0.168571,946686607.323708
0,0.171759,946686607.327093
0,0.185043,946686607.330526
0,0.203241,946686607.333921
0,0.237248,946686607.337303
0,0.234724,946686607.341141
1,0.259431,946686607.344558
1,0.283209,946686607.348006
1,0.303666,946686607.351274
1,0.332891,946686607.354530
1,0.352949,946686607.358043
1,0.393464,946686607.361471
1,0.414187,946686607.364888
0,0.436504,946686607.368375
0,0.436902,946686607.371796
0,0.401169,946686607.375222
0,0.358395,946686607.378674
0,0.373937,946686607.382101
0,0.293571,946686607.385522
0,0.315090,946686607.388995
0,0.359192,946686607.393045
0,0.356934,946686607.396541
0,0.401567,946686607.399963
0,0.452046,946686607.403373
0,0.466791,946686607.406779
0,0.483661,946686607.410188
0,0.577976,946686607.413701
0,0.557386,946686607.417104
0,0.600159,946686607.420557
0,0.627125,946686607.423964
0,0.649708,946686607.427368
0,0.698725,946686607.430666
0,0.720112,946686607.433940
0,0.760228,946686607.437208
0,0.787062,946686607.440574
0,0.812168,946686607.443840
0,0.835813,946686607.447114
0,0.879782,946686607.450658
0,0.904490,946686607.454061
0,0.935972,946686607.457464
0,0.969182,946686607.460758
0,1.009299,946686607.464031
0,1.037062,946686607.467296
0,1.065622,946686607.470759
0,1.099628,946686607.474167
0,1.136291,946686607.477569
0,1.158342,946686607.480864
0,1.187566,946686607.484130
0,1.241631,946686607.487401
0,1.236451,946686607.490820
0,1.297157,946686607.494222
0,1.356137,946686607.497627
0,1.337938,946686607.501038
0,1.386690,946686607.504439
0,1.407944,946686607.507888
0,1.433050,946686607.511306
0,1.470909,946686607.514711
0,1.495616,946686607.518153
0,1.530685,946686607.521560
0,1.541711,946686607.524970
0,1.612380,946686607.528378
0,1.609325,946686607.531644
1,1.618358,946686607.534930
1,1.680659,946686607.538208
1,1.656881,946686607.541622
1,1.727683,946686607.545028
1,1.739107,946686607.548435
1,1.750133,946686607.551835
1,1.780287,946686607.555233
1,1.734325,946686607.558646
1,1.696334,946686607.562049
1,1.696201,946686607.565453
1,1.635228,946686607.568866
1,1.616764,946686607.572274
1,1.565223,946686607.575676
1,1.578507,946686607.579056
1,1.588735,946686607.582324
1,1.562965,946686607.585588
1,1.525638,946686607.588903
1,1.513284,946686607.592307
1,1.486982,946686607.595711
1,1.487248,946686607.599126
1,1.479809,946686607.602527
1,1.462938,946686607.605933
1,1.453905,946686607.609339
1,1.451116,946686607.612741
1,1.433448,946686607.616140
1,1.453108,946686607.619563
1,1.416578,946686607.622968
1,1.424416,946686607.626368
1,1.420165,946686607.629711
1,1.407147,946686607.632980
1,1.412460,946686607.636248
1,1.406482,946686607.639593
1,1.399708,946686607.643000
1,1.402763,946686607.646404
1,1.388948,946686607.649858
1,1.428135,946686607.653264
1,1.379516,946686607.656665
1,1.362779,946686607.660111
1,1.376063,946686607.663512
1,1.374734,946686607.666926
1,1.388018,946686607.670341
0,1.364904,946686607.673768
0,1.365701,946686607.677171
0,1.379516,946686607.680483
0,1.353613,946686607.683750
0,1.363576,946686607.687012
0,1.362513,946686607.690387
0,1.341658,946686607.693793
0,1.355871,946686607.697201
0,1.343650,946686607.700614
0,1.361318,946686607.704019
0,1.397051,946686607.707428
0,1.402497,946686607.710848
0,1.434378,946686607.714255
0,1.466658,946686607.717656
0,1.479809,946686607.721075
0,1.503454,946686607.724477
0,1.524973,946686607.727935
0,1.562168,946686607.731202
0,1.590595,946686607.734466
0,1.605739,946686607.737736
0,1.604277,946686607.741196
0,1.602418,946686607.744604
0,1.639745,946686607.748057
0,1.640011,946686607.751464
0,1.704702,946686607.754872
0,1.710414,946686607.758326
1,1.733528,946686607.761746
1,1.746015,946686607.765154
1,1.781881,946686607.768552
1,1.786663,946686607.771822
1,1.813496,946686607.775098
1,1.834883,946686607.778394
1,1.806854,946686607.781798
1,1.792375,946686607.785198
1,1.739904,946686607.788616
1,1.695537,946686607.792023
1,1.678666,946686607.795427
1,1.629384,946686607.798835
1,1.600956,946686607.802242
1,1.593783,946686607.805650
1,1.531482,946686607.809064
1,1.552205,946686607.812463
1,1.500531,946686607.815866
1,1.463337,946686607.819233
1,1.479277,946686607.822503
1,1.448326,946686607.825773
1,1.437832,946686607.829102
1,1.411796,946686607.832506
1,1.406748,946686607.835917
1,1.392402,946686607.839334
1,1.376993,946686607.842736
1,1.367561,946686607.846140
1,1.353613,946686607.849552
1,1.334750,946686607.852963
1,1.322131,946686607.856365
1,1.310972,946686607.859776
1,1.290250,946686607.863176
1,1.294368,946686607.866582
1,1.266870,946686607.869919
1,1.257970,946686607.873187
1,1.251461,946686607.876455
1,1.227019,946686607.879912
1,1.228879,946686607.883319
1,1.200186,946686607.886720
1,1.195404,946686607.890133
1,1.177471,946686607.893532
1,1.164984,946686607.896940
1,1.149708,946686607.900351
1,1.143863,946686607.903755
1,1.127657,946686607.907259
0,1.110255,946686607.910572
0,1.094580,946686607.913840
0,1.080234,946686607.917107
0,1.070935,946686607.920539
0,1.051541,946686607.923942
0,1.036796,946686607.927343
0,1.018199,946686607.930790
0,1.006509,946686607.934191
0,0.991631,946686607.937593
0,1.004251,946686607.941005
0,1.005978,946686607.944414
0,1.017800,946686607.947816
0,1.027099,946686607.951134
0,1.046227,946686607.954398
0,1.043571,946686607.957664
0,1.055526,946686607.961080
0,1.071467,946686607.964486
0,1.082492,946686607.967933
0,1.095244,946686607.971335
0,1.093518,946686607.974738
0,1.103480,946686607.978148
0,1.119288,946686607.981545
0,1.125531,946686607.984947
0,1.133369,946686607.988359
0,1.137487,946686607.991767
0,1.148247,946686607.995164
0,1.153693,946686607.998557
0,1.158874,946686608.001888
0,1.169501,946686608.005167
0,1.172290,946686608.008457
0,1.184113,946686608.011866
0,1.223698,946686608.015264
1,1.205499,946686608.018690
1,1.198193,946686608.022097
1,1.206429,946686608.025498
1,1.211610,946686608.028903
1,1.213337,946686608.032307
1,1.214134,946686608.035708
1,1.175478,946686608.039127
1,1.126727,946686608.042526
1,1.070005,946686608.045925
1,1.016073,946686608.049289
1,0.965728,946686608.052564
1,0.913257,946686608.055840
1,0.863443,946686608.059215
1,0.784405,946686608.062620
1,0.770191,946686608.066023
1,0.723698,946686608.069476
1,0.687434,946686608.072880
1,0.638417,946686608.076290
1,0.607333,946686608.079709
1,0.567083,946686608.083118
1,0.526169,946686608.086520
1,0.493624,946686608.089860
1,0.458820,946686608.093131
1,0.429198,946686608.096399
1,0.397051,946686608.099757
1,0.365037,946686608.103163
1,0.336477,946686608.106565
1,0.302205,946686608.109980
1,0.269129,946686608.113392
1,0.241764,946686608.116795
0,0.212407,946686608.120199
0,0.182651,946686608.123596
0,0.153162,946686608.126990
0,0.125930,946686608.130399
0,0.098300,946686608.133788
0,0.034139,946686608.137233
0,0.042508,946686608.140581
0,0.014878,946686608.143892
0,-0.017535,946686608.147208
0,-0.007705,946686608.150629
0,-0.014346,946686608.154074
0,-0.014479,946686608.157517
0,-0.016073,946686608.161015
0,-0.003055,946686608.164466
0,-0.013417,946686608.167960
0,-0.010627,946686608.171405
0,-0.005048,946686608.174856
0,-0.007970,946686608.178301
0,-0.003055,946686608.181743
0,-0.003587,946686608.185190
0,-0.004516,946686608.188621
0,-0.003188,946686608.191931
0,-0.001063,946686608.195235
0,0.002922,946686608.198616
0,0.007572,946686608.202060
0,0.005845,946686608.205504
0,0.005712,946686608.209002
0,0.005446,946686608.212440
0,0.005446,946686608.215884
0,0.003852,946686608.219338
0,0.005579,946686608.222782
0,0.012088,946686608.226223
0,0.011557,946686608.229655
0,0.008236,946686608.232966
0,0.011291,946686608.236268
0,0.008900,946686608.239700
0,0.013417,946686608.243145
0,0.015276,946686608.246587
0,0.015808,946686608.250040
0,0.015675,946686608.253482
0,0.015276,946686608.256928
0,0.015011,946686608.260380
0,0.016472,946686608.263824
0,0.017667,946686608.267266
0,0.018332,946686608.270602
0,0.022582,946686608.273910
0,0.019394,946686608.277216
0,0.020191,946686608.280652
0,0.020324,946686608.284097
0,0.023512,946686608.287545
0,0.023379,946686608.291031
0,0.027763,946686608.294473
0,0.023247,946686608.297970
0,0.025770,946686608.301422
0,0.026435,946686608.304866
0,0.026567,946686608.308315
0,0.027497,946686608.311759
0,0.031881,946686608.315202
0,0.029357,946686608.318639
0,0.030287,946686608.321950
0,0.034405,946686608.325258
0,0.033608,946686608.328634
0,0.031482,946686608.332083
0,0.036530,946686608.335530
0,0.029623,946686608.339024
0,0.034671,946686608.342465
0,0.035335,946686608.345902
0,0.036397,946686608.349359
0,0.036530,946686608.352804
0,0.036929,946686608.356245
0,0.037859,946686608.359697
0,0.036663,946686608.363140
0,0.041844,946686608.366593
0,0.041977,946686608.369966
0,0.044235,946686608.373274
0,0.045298,946686608.376584
0,0.046095,946686608.379989
0,0.047954,946686608.383433
0,0.048486,946686608.386878
0,0.049150,946686608.390370
0,0.050478,946686608.393818
0,0.042906,946686608.397266
0,0.049947,946686608.400711
0,0.039984,946686608.404261
0,0.038257,946686608.407701
0,0.032944,946686608.411150
0,0.026169,946686608.414591
0,0.020058,946686608.418087
0,0.009564,946686608.421396
0,0.008502,946686608.424697
0,0.007970,946686608.428082
0,0.006243,946686608.431527
0,-0.008103,946686608.434969
0,-0.023114,946686608.438427
0,-0.027232,946686608.441874
0,-0.045829,946686608.445319
0,-0.060043,946686608.448809
0,-0.066286,946686608.452255
0,-0.080367,946686608.455659
0,-0.098034,946686608.459039
0,-0.115037,946686608.462306
0,-0.123406,946686608.465570
0,-0.138151,946686608.468882
0,-0.159006,946686608.472290
0,-0.168438,946686608.475698
0,-0.190622,946686608.479110
0,-0.237380,946686608.482517
0,-0.218650,946686608.485917
1,-0.241233,946686608.489359
1,-0.252524,946686608.492770
1,-0.272848,946686608.496183
1,-0.289054,946686608.499642
1,-0.307651,946686608.503053
1,-0.326514,946686608.506469
0,-0.348565,946686608.509842
0,-0.337141,946686608.513116
0,-0.285069,946686608.516391
0,-0.246679,946686608.519760
0,-0.201780,946686608.523169
0,-0.176408,946686608.526575
0,-0.192349,946686608.529987
0,-0.216791,946686608.533385
0,-0.224495,946686608.536790
0,-0.244554,946686608.540210
0,-0.262885,946686608.543626
0,-0.304065,946686608.547037
0,-0.293704,946686608.550457
0,-0.312566,946686608.553869
0,-0.333555,946686608.557287
0,-0.353480,946686608.560635
0,-0.363709,946686608.563911
0,-0.381642,946686608.567189
0,-0.399176,946686608.570599
0,-0.429330,946686608.574010
0,-0.438629,946686608.577425
0,-0.453905,946686608.580843
0,-0.469580,946686608.584258
0,-0.482731,946686608.587669
0,-0.513815,946686608.591093
0,-0.522317,946686608.594506
0,-0.538656,946686608.597984
0,-0.558183,946686608.601397
0,-0.574389,946686608.604808
0,-0.592588,946686608.608230
0,-0.608927,946686608.611513
0,-0.617030,946686608.614792
0,-0.632837,946686608.618123
0,-0.679862,946686608.621536
0,-0.665250,946686608.624947
0,-0.684113,946686608.628374
0,-0.695537,946686608.631786
0,-0.716923,946686608.635200
0,-0.728215,946686608.638618
0,-0.740170,946686608.642035
0,-0.758369,946686608.645448
0,-0.773778,946686608.648844
0,-0.787194,946686608.652118
0,-0.803135,946686608.655391
0,-0.815090,946686608.658706
0,-0.831695,946686608.662116
0,-0.844846,946686608.665531
0,-0.862646,946686608.668996
0,-0.875531,946686608.672411
0,-0.887221,946686608.675830
0,-0.899044,946686608.679249
1,-0.916844,946686608.682675
1,-0.929862,946686608.686084
1,-0.943411,946686608.689507
1,-0.953640,946686608.692922
1,-0.965462,946686608.696337
1,-1.020191,946686608.699698
1,-0.982465,946686608.702976
1,-0.948592,946686608.706256
1,-0.889878,946686608.709649
1,-0.854809,946686608.713068
1,-0.797954,946686608.716482
1,-0.755313,946686608.719901
1,-0.712938,946686608.723319
1,-0.675611,946686608.726733
1,-0.638549,946686608.730155
1,-0.605473,946686608.733569
1,-0.575319,946686608.736991
1,-0.553932,946686608.740412
1,-0.537062,946686608.743823
1,-0.504384,946686608.747242
1,-0.486451,946686608.750552
1,-0.464267,946686608.753833
1,-0.437301,946686608.757105
0,-0.425478,946686608.760564
0,-0.399841,946686608.763981
0,-0.386823,946686608.767393
0,-0.364373,946686608.770815
0,-0.349362,946686608.774230
0,-0.329304,946686608.777644
0,-0.313231,946686608.781063
0,-0.290781,946686608.784476
0,-0.281748,946686608.787935
0,-0.296227,946686608.791213
0,-0.321068,946686608.794490
0,-0.317880,946686608.797763
0,-0.348565,946686608.801234
0,-0.348433,946686608.804636
0,-0.359857,946686608.808098
0,-0.381243,946686608.811511
0,-0.399841,946686608.814923
0,-0.440356,946686608.818347
0,-0.426541,946686608.821761
0,-0.439559,946686608.825171
0,-0.455632,946686608.828573
0,-0.471041,946686608.831852
0,-0.484591,946686608.835126
0,-0.500133,946686608.838424
0,-0.506376,946686608.841834
0,-0.527099,946686608.845245
0,-0.539320,946686608.848667
0,-0.547556,946686608.852078
0,-0.571467,946686608.855487
0,-0.584352,946686608.858899
0,-0.596573,946686608.862313
0,-0.621015,946686608.865718
0,-0.628587,946686608.869133
0,-0.651036,946686608.872545
0,-0.659671,946686608.875961
0,-0.676142,946686608.879425
0,-0.689559,946686608.882803
0,-0.710149,946686608.886075
0,-0.721838,946686608.889462
0,-0.742827,946686608.892879
0,-0.754915,946686608.896288
0,-0.768863,946686608.899705
0,-0.782811,946686608.903116
0,-0.792906,946686608.906526
0,-0.808714,946686608.909951
0,-0.825850,946686608.913361
0,-0.837407,946686608.916772
0,-0.855207,946686608.920101
0,-0.861318,946686608.923381
1,-0.880181,946686608.926675
1,-0.890940,946686608.930087
1,-0.904623,946686608.933499
1,-0.929065,946686608.936906
1,-0.932120,946686608.940333
1,-0.919102,946686608.943745
1,-0.948326,946686608.947156
1,-0.895723,946686608.950574
1,-0.862513,946686608.953989
1,-0.801142,946686608.957402
1,-0.761955,946686608.960822
1,-0.721174,946686608.964231
1,-0.666445,946686608.967641
1,-0.637088,946686608.970939
1,-0.601886,946686608.974212
1,-0.565755,946686608.977487
1,-0.538124,946686608.980897
1,-0.509564,946686608.984314
1,-0.488177,946686608.987727
1,-0.460016,946686608.991190
1,-0.432386,946686608.994606
1,-0.415914,946686608.998071
0,-0.392003,946686609.001508
0,-0.370484,946686609.005200
0,-0.308980,946686609.008619
0,-0.333555,946686609.012034
0,-0.302072,946686609.015444
0,-0.291977,946686609.018844
0,-0.266870,946686609.022115
0,-0.243624,946686609.025387
0,-0.227152,946686609.028687
0,-0.239904,946686609.032103
0,-0.264878,946686609.035515
0,-0.266472,946686609.038970
0,-0.292641,946686609.042377
0,-0.297954,946686609.045783
0,-0.307120,946686609.049242
0,-0.323061,946686609.052653
0,-0.332492,946686609.056062
0,-0.346838,946686609.059488
0,-0.361716,946686609.062904
0,-0.369421,946686609.066314
0,-0.381243,946686609.069671
0,-0.390940,946686609.072941
0,-0.400638,946686609.076214
0,-0.418704,946686609.079570
0,-0.423220,946686609.082982
0,-0.436637,946686609.086392
0,-0.447928,946686609.089855
0,-0.454171,946686609.093265
0,-0.466658,946686609.096669
0,-0.473034,946686609.100127
0,-0.482067,946686609.103533
0,-0.494288,946686609.106943
0,-0.507837,946686609.110371
0,-0.524575,946686609.113781
0,-0.528427,946686609.117191
0,-0.535999,946686609.120499
0,-0.547954,946686609.123766
0,-0.558183,946686609.127044
0,-0.568943,946686609.130434
0,-0.582492,946686609.133846
0,-0.589798,946686609.137256
0,-0.600558,946686609.140671
0,-0.609060,946686609.144081
0,-0.623406,946686609.147492
0,-0.630579,946686609.150903
0,-0.680128,946686609.154315
0,-0.653029,946686609.157730
0,-0.659803,946686609.161196
0,-0.673884,946686609.164604
0,-0.680393,946686609.168070
1,-0.690223,946686609.171362
1,-0.699655,946686609.174635
1,-0.707492,946686609.177968
1,-0.719713,946686609.181380
1,-0.728480,946686609.184789
1,-0.737912,946686609.188213
1,-0.737248,946686609.191631
1,-0.677869,946686609.195047
1,-0.632439,946686609.198461
1,-0.545430,946686609.201877
1,-0.521387,946686609.205291
1,-0.478746,946686609.208674
1,-0.431190,946686609.211950
1,-0.395855,946686609.215225
1,-0.342986,946686609.218575
1,-0.305526,946686609.221985
1,-0.274973,946686609.225396
1,-0.243624,946686609.228817
0,-0.216525,946686609.232220
0,-0.185308,946686609.235627
0,-0.150770,946686609.239038
0,-0.117960,946686609.242441
0,-0.094979,946686609.245843
0,-0.068013,946686609.249265
0,-0.039586,946686609.252573
0,-0.018863,946686609.255881
0,0.033741,946686609.259279
0,-0.003454,946686609.262723
0,-0.020324,946686609.266175
0,-0.017535,946686609.269620
0,-0.036663,946686609.273064
0,-0.034272,946686609.276509
0,-0.045829,946686609.279964
0,-0.057651,946686609.283410
0,-0.065223,946686609.286857
0,-0.075053,946686609.290361
0,-0.084617,946686609.293761
0,-0.089001,946686609.297165
0,-0.098167,946686609.300467
0,-0.112779,946686609.303737
0,-0.114107,946686609.307002
0,-0.126461,946686609.310388
0,-0.126727,946686609.313787
0,-0.133767,946686609.317195
0,-0.144261,946686609.320605
0,-0.152630,946686609.324007
0,-0.163124,946686609.327416
0,-0.166578,946686609.330829
0,-0.178799,946686609.334232
0,-0.180792,946686609.337631
0,-0.194607,946686609.341044
0,-0.200053,946686609.344451
0,-0.208820,946686609.347904
0,-0.211211,946686609.351172
0,-0.219846,946686609.354436
0,-0.227152,946686609.357702
0,-0.233395,946686609.361100
1,-0.244554,946686609.364633
1,-0.250797,946686609.368096
1,-0.253852,946686609.371502
1,-0.266073,946686609.374917
1,-0.306057,946686609.378373
1,-0.283475,946686609.381785
0,-0.269660,946686609.385222
0,-0.220244,946686609.388646
0,-0.167508,946686609.392050
0,-0.123406,946686609.395450
0,-0.063098,946686609.398881
0,-0.015011,946686609.402191
0,0.017933,946686609.405503
0,-0.030154,946686609.408875
0,-0.003188,946686609.412320
0,-0.003985,946686609.415761
0,-0.017535,946686609.419257
0,-0.019527,946686609.422699
0,-0.026966,946686609.426146
0,-0.038656,946686609.429598
0,-0.046227,946686609.433040
0,-0.054198,946686609.436487
0,-0.035335,946686609.439939
0,-0.070670,946686609.443386
0,-0.074787,946686609.446828
0,-0.082758,946686609.450181
0,-0.087274,946686609.453454
0,-0.103746,946686609.456714
0,-0.111451,946686609.460117
0,-0.111716,946686609.463521
0,-0.115701,946686609.466927
0,-0.132837,946686609.470337
0,-0.135361,946686609.473735
0,-0.156217,946686609.477136
0,-0.152896,946686609.480548
0,-0.161265,946686609.483956
0,-0.164718,946686609.487355
0,-0.172157,946686609.490766
0,-0.178002,946686609.494164
0,-0.192614,946686609.497573
0,-0.189957,946686609.500854
0,-0.204835,946686609.504121
0,-0.215329,946686609.507383
0,-0.221041,946686609.510822
0,-0.233528,946686609.514229
0,-0.228348,946686609.517632
0,-0.239373,946686609.521049
0,-0.246945,946686609.524455
0,-0.250000,946686609.527919
0,-0.260494,946686609.531330
0,-0.306057,946686609.534740
0,-0.271520,946686609.538158
0,-0.276435,946686609.541568
0,-0.283608,946686609.544981
0,-0.289984,946686609.548387
0,-0.300345,946686609.551656
0,-0.298751,946686609.554929
0,-0.308050,946686609.558216
0,-0.313762,946686609.561630
1,-0.318677,946686609.565057
1,-0.328507,946686609.568469
1,-0.325584,946686609.571877
1,-0.334219,946686609.575289
1,-0.340595,946686609.578702
1,-0.340197,946686609.582113
1,-0.345643,946686609.585523
1,-0.293305,946686609.589137
0,-0.225425,946686609.592409
0,-0.177869,946686609.595671
0,-0.119155,946686609.599027
0,-0.068677,946686609.602331
0,-0.026567,946686609.605640
0,0.021520,946686609.609001
0,0.075186,946686609.612298
0,0.108262,946686609.615551
0,0.128454,946686609.618814
0,0.113443,946686609.622077
0,0.113443,946686609.625333
0,0.109724,946686609.628591
0,0.102152,946686609.631844
0,0.104809,946686609.635106
0,0.098698,946686609.638400
0,0.098300,946686609.641655
0,0.086477,946686609.644914
0,0.083156,946686609.648206
0,0.077444,946686609.651515
0,0.075850,946686609.654815
0,0.069075,946686609.658171
0,0.034006,946686609.661475
0,0.064160,946686609.664771
0,0.058316,946686609.668138
0,0.059245,946686609.671440
0,0.053666,946686609.674744
0,0.041711,946686609.678093
0,0.045696,946686609.681410
0,0.039187,946686609.684718
0,0.044766,946686609.688088
0,0.043969,946686609.691392
0,0.030553,946686609.694705
0,0.032412,946686609.698070
0,0.031350,946686609.701521
0,0.027099,946686609.704972
0,0.031217,946686609.708428
0,0.022848,946686609.711881
0,0.013682,946686609.715330
0,0.021520,946686609.718829
0,0.012885,946686609.722274
0,0.010361,946686609.725721
0,0.011424,946686609.729127
0,0.005181,946686609.732437
0,0.005446,946686609.735752
0,0.000266,946686609.739106
0,-0.002524,946686609.742558
0,-0.005446,946686609.746005
0,-0.011291,946686609.749499
0,-0.012221,946686609.752946
0,-0.009299,946686609.756392
0,-0.010760,946686609.759896
0,-0.014346,946686609.763342
0,-0.013948,946686609.766784
0,-0.014479,946686609.770244
0,-0.016870,946686609.773689
0,-0.013018,946686609.777138
0,-0.014479,946686609.780492
0,-0.019793,946686609.783804
0,-0.020855,946686609.787110
0,-0.020590,946686609.790590
0,-0.026302,946686609.794033
0,-0.024708,946686609.797480
0,-0.031615,946686609.800929
0,-0.031217,946686609.804372
0,-0.032412,946686609.807822
0,-0.040781,946686609.811323
0,-0.044368,946686609.814767
0,-0.055659,946686609.818223
0,-0.061504,946686609.821535
0,-0.070005,946686609.824845
0,-0.076647,946686609.828196
0,-0.081695,946686609.831601
0,-0.091658,946686609.835005
0,-0.099894,946686609.838419
0,-0.100425,946686609.841823
0,-0.100558,946686609.845330
0,-0.105871,946686609.848778
0,-0.105606,946686609.852190
0,-0.109591,946686609.855592
0,-0.113045,946686609.859033
0,-0.113177,946686609.862435
0,-0.110122,946686609.865843
0,-0.111716,946686609.869215
0,-0.109458,946686609.872488
0,-0.109192,946686609.875760
0,-0.104410,946686609.879134
0,-0.106536,946686609.882528
0,-0.107598,946686609.885921
0,-0.104676,946686609.889313
0,-0.104277,946686609.892697
0,-0.107864,946686609.896083
0,-0.106934,946686609.899485
0,-0.113974,946686609.902872
0,-0.114639,946686609.906259
0,-0.114107,946686609.909654
0,-0.114240,946686609.913042
0,-0.113709,946686609.916428
0,-0.113576,946686609.919873
0,-0.116233,946686609.923259
0,-0.116233,946686609.926637
0,-0.121945,946686609.930067
0,-0.118358,946686609.933448
0,-0.116498,946686609.936829
0,-0.115569,946686609.940212
0,-0.116764,946686609.943593
0,-0.117694,946686609.946979
0,-0.122609,946686609.950367
0,-0.118757,946686609.953749
0,-0.118624,946686609.957127
0,-0.119421,946686609.960522
0,-0.115436,946686609.963900
0,-0.121679,946686609.967280
0,-0.116631,946686609.970721
0,-0.122078,946686609.974103
0,-0.118757,946686609.977495
0,-0.122210,946686609.980885
0,-0.118358,946686609.984268
0,-0.118889,946686609.987651
0,-0.118889,946686609.991048
0,-0.118624,946686609.994438
0,-0.119554,946686609.997819
0,-0.118225,946686610.001259
0,-0.118092,946686610.004645
0,-0.116631,946686610.008071
0,-0.119022,946686610.011460
0,-0.116631,946686610.014843
0,-0.119687,946686610.018230
0,-0.115834,946686610.021610
0,-0.115569,946686610.024991
0,-0.118225,946686610.028380
0,-0.117960,946686610.031756
0,-0.115967,946686610.035132
0,-0.119288,946686610.038561
0,-0.117030,946686610.041942
0,-0.119155,946686610.045322
0,-0.116498,946686610.048733
0,-0.120484,946686610.052134
0,-0.118757,946686610.055544
0,-0.120484,946686610.058999
0,-0.118624,946686610.062399
0,-0.122742,946686610.065804
0,-0.121413,946686610.069230
0,-0.123539,946686610.072634
0,-0.122609,946686610.076039
0,-0.125000,946686610.079452
0,-0.126461,946686610.082857
0,-0.128188,946686610.086267
0,-0.130579,946686610.089622
0,-0.130048,946686610.092889
0,-0.132970,946686610.096155
0,-0.133767,946686610.099504
0,-0.134033,946686610.102910
0,-0.135627,946686610.106313
0,-0.141206,946686610.109730
0,-0.142136,946686610.113133
0,-0.144527,946686610.116542
0,-0.147582,946686610.119949
0,-0.144261,946686610.123351
0,-0.145855,946686610.126753
0,-0.148114,946686610.130170
0,-0.156350,946686610.133582
0,-0.143066,946686610.136989
0,-0.149841,946686610.140307
0,-0.145723,946686610.143580
0,-0.136158,946686610.146856
0,-0.139081,946686610.150218
0,-0.126328,946686610.153610
0,-0.120616,946686610.157003
0,-0.114373,946686610.160404
0,-0.111451,946686610.163797
0,-0.100292,946686610.167189
0,-0.096041,946686610.170592
0,-0.086344,946686610.173983
0,-0.079968,946686610.177417
0,-0.034272,946686610.180893
0,-0.066552,946686610.184341
0,-0.057386,946686610.187788
0,-0.045563,946686610.191159
0,-0.041844,946686610.194472
0,-0.037327,946686610.197779
0,-0.022715,946686610.201283
0,-0.024044,946686610.204731
0,-0.017003,946686610.208181
0,-0.003188,946686610.211631
0,-0.001727,946686610.215075
0,0.011026,946686610.218563
0,0.015542,946686610.222011
0,0.018597,946686610.225463
0,0.032678,946686610.228887
0,0.037726,946686610.232200
0,0.043969,946686610.235507
0,0.055925,946686610.238877
0,0.060308,946686610.242332
0,0.073326,946686610.245779
0,0.078773,946686610.249266
0,0.091791,946686610.252662
0,0.102683,946686610.256062
0,0.109192,946686610.259468
0,0.130446,946686610.262861
0,0.137354,946686610.266260
0,0.154623,946686610.269659
0,0.175744,946686610.273055
0,0.183847,946686610.276453
0,0.211477,946686610.279816
0,0.216392,946686610.283076
1,0.239240,946686610.286364
1,0.249867,946686610.289714
1,0.273114,946686610.293119
1,0.284006,946686610.296520
1,0.304065,946686610.299935
1,0.325717,946686610.303341
0,0.323990,946686610.306772
0,0.290383,946686610.310190
0,0.261690,946686610.313594
0,0.198459,946686610.316991
0,0.140276,946686610.320400
0,0.128587,946686610.323795
0,0.117428,946686610.327190
0,0.128985,946686610.330628
0,0.144793,946686610.333890
0,0.177736,946686610.337146
0,0.179463,946686610.340556
0,0.187566,946686610.343950
0,0.232598,946686610.347345
0,0.247476,946686610.350795
0,0.258900,946686610.354198
0,0.270988,946686610.357603
0,0.293039,946686610.361019
0,0.316552,946686610.364427
0,0.336743,946686610.367832
0,0.349894,946686610.371303
0,0.375930,946686610.374704
0,0.387487,946686610.378147
0,0.408874,946686610.381419
0,0.423618,946686610.384683
0,0.435175,946686610.388014
0,0.456031,946686610.391421
0,0.476355,946686610.394829
0,0.500266,946686610.398244
0,0.516339,946686610.401646
0,0.534006,946686610.405046
0,0.548751,946686610.408456
0,0.611318,946686610.411861
0,0.590994,946686610.415266
0,0.609724,946686610.418663
0,0.626196,946686610.421933
0,0.653294,946686610.425204
0,0.664718,946686610.428563
0,0.689692,946686610.431965
0,0.695138,946686610.435371
0,0.724230,946686610.438783
0,0.744022,946686610.442193
0,0.753188,946686610.445598
0,0.790117,946686610.449015
0,0.792906,946686610.452415
0,0.811902,946686610.455822
0,0.832359,946686610.459190
0,0.851089,946686610.462462
0,0.865701,946686610.465726
0,0.880845,946686610.469065
0,0.905685,946686610.472479
0,0.924017,946686610.475885
0,0.939559,946686610.479304
1,0.954437,946686610.482724
1,0.976886,946686610.486129
1,0.983927,946686610.489547
1,1.014081,946686610.492955
1,1.027630,946686610.496361
1,1.045032,946686610.499773
1,0.986982,946686610.503179
1,0.994155,946686610.506578
1,0.931854,946686610.509919
1,0.906881,946686610.513185
1,0.872210,946686610.516451
1,0.821201,946686610.519845
1,0.793836,946686610.523230
1,0.759830,946686610.526611
1,0.727683,946686610.529999
1,0.711743,946686610.533384
1,0.675213,946686610.536774
1,0.650505,946686610.540217
1,0.637620,946686610.543626
1,0.604676,946686610.547032
1,0.591525,946686610.550448
1,0.573061,946686610.553853
1,0.553932,946686610.557259
1,0.536265,946686610.560550
0,0.533608,946686610.563843
0,0.512221,946686610.567118
0,0.492030,946686610.570561
0,0.496015,946686610.573968
0,0.472901,946686610.577368
0,0.454437,946686610.580787
0,0.445670,946686610.584189
0,0.428932,946686610.587596
0,0.426142,946686610.591013
